Tuple	Confidence	Ground	NumTrue	NumFalse	Fraction	InversionCount	YetToConvergeFraction	Time(s)
ptsVH(36296,1)	0.877303	TrueGround	1	0	1.0	95847433	0.0	1818.388892173767
ptsVH(36297,1)	0.938277	TrueGround	2	0	1.0	95933677	0.0	1669.6953601837158
ptsVH(36298,1)	0.938277	TrueGround	3	0	1.0	95477091	0.0	1840.1600217819214
ptsVH(36299,2)	0.896156	TrueGround	4	0	1.0	96126562	0.0	1790.1033186912537
ptsVH(36300,2)	0.938277	TrueGround	5	0	1.0	94953304	0.0	1891.6435317993164
ptsVH(36301,2)	0.938277	TrueGround	6	0	1.0	95862857	0.0	1687.8682599067688
ptsVH(36302,3)	0.896156	TrueGround	7	0	1.0	95359803	0.0	2009.3829653263092
ptsVH(36303,3)	0.938277	TrueGround	8	0	1.0	95106948	0.0	2157.5464458465576
ptsVH(36309,4)	0.896156	TrueGround	9	0	1.0	95281542	0.0	2159.3988506793976
ptsVH(36310,4)	0.938277	TrueGround	10	0	1.0	95466260	0.0	1942.4668896198273
ptsVH(32382,3008)	0.874099	TrueGround	11	0	1.0	95137288	0.0	2098.3842301368713
ptsVH(32383,3008)	0.938277	TrueGround	12	0	1.0	94521173	0.0	2631.3304586410522
ptsVH(36236,2)	0.796267	TrueGround	13	0	1.0	94310769	0.0	2509.936852455139
ptsVH(36237,3190)	0.877342	TrueGround	14	0	1.0	95131870	0.0	2378.767204284668
ptsVH(36238,3190)	0.938277	TrueGround	15	0	1.0	94692971	0.0	2713.122022151947
ptsVH(36239,3190)	0.938277	TrueGround	16	0	1.0	93966401	0.0	2654.9244589805603
ptsVH(36242,3191)	0.896156	TrueGround	17	0	1.0	93723022	0.0	2654.048894405365
ptsVH(36243,3191)	0.938277	TrueGround	18	0	1.0	94375680	0.0	2595.0493655204773
ptsVH(36244,3)	0.796267	TrueGround	19	0	1.0	94008613	0.0	2610.109377384186
ptsVH(36249,3192)	0.877342	TrueGround	20	0	1.0	94457256	0.0	2658.1025247573853
ptsVH(36250,3192)	0.938277	TrueGround	21	0	1.0	94708047	0.0	2352.098335981369
ptsVH(36254,3192)	0.938277	TrueGround	22	0	1.0	93640204	0.0	2533.9426419734955
ptsVH(36251,3193)	0.896156	TrueGround	23	0	1.0	93968054	0.0	2656.4165472984314
ptsVH(36252,3193)	0.938277	TrueGround	24	0	1.0	94237358	0.0	2656.916220664978
ptsVH(36255,3194)	0.896156	TrueGround	25	0	1.0	94613736	0.0	2610.01153421402
ptsVH(36256,3194)	0.938277	TrueGround	26	0	1.0	93318959	0.0	2554.7222669124603
ptsVH(36257,3194)	0.938277	TrueGround	27	0	1.0	94253136	0.0	2440.4266233444214
ptsVH(36261,3195)	0.896156	TrueGround	28	0	1.0	94375034	0.0	2474.8815853595734
ptsVH(36262,3195)	0.938277	TrueGround	29	0	1.0	94397844	0.0	2655.4448556900024
ptsVH(32976,1)	0.710934	TrueGround	30	0	1.0	94331855	0.0	2585.9138040542603
ptsVH(32981,1)	0.938277	TrueGround	31	0	1.0	95956025	0.0	2410.404463291168
ptsVH(32983,1)	0.938277	TrueGround	32	0	1.0	95727356	0.0	2104.0019171237946
ptsVH(32979,3040)	0.86665	TrueGround	33	0	1.0	94569571	0.0	2289.069308280945
ptsVH(32980,3040)	0.938277	TrueGround	34	0	1.0	96283104	0.0	2041.92116522789
ptsVH(32992,3041)	0.896156	TrueGround	35	0	1.0	95257832	0.0	2164.168212413788
ptsVH(32993,3041)	0.938277	TrueGround	36	0	1.0	96242736	0.0	2185.7868723869324
ptsVH(32994,3042)	0.896156	TrueGround	37	0	1.0	95455453	0.0	2373.4779670238495
ptsVH(32995,3042)	0.938277	TrueGround	38	0	1.0	95284926	0.0	2126.848053455353
ptsVH(32996,3043)	0.896156	TrueGround	39	0	1.0	96792732	0.0	2087.6808547973633
ptsVH(32997,3043)	0.938277	TrueGround	40	0	1.0	95628144	0.0	2304.95782494545
ptsVH(32998,3044)	0.896156	TrueGround	41	0	1.0	95568808	0.0	2541.3402774333954
ptsVH(32999,3044)	0.938277	TrueGround	42	0	1.0	95368276	0.0	2127.7923963069916
ptsVH(33000,3045)	0.896156	TrueGround	43	0	1.0	95853665	0.0	2376.465269088745
ptsVH(33001,3045)	0.938277	TrueGround	44	0	1.0	96103561	0.0	2263.957617998123
ptsVH(33002,3046)	0.896156	TrueGround	45	0	1.0	95430530	0.0	2214.097327232361
ptsVH(33003,3046)	0.938277	TrueGround	46	0	1.0	95642475	0.0	2197.909123659134
ptsVH(33004,3047)	0.896156	TrueGround	47	0	1.0	94556301	0.0	2415.719560623169
ptsVH(33005,3047)	0.938277	TrueGround	48	0	1.0	95663256	0.0	2394.80975317955
ptsVH(33006,3048)	0.896156	TrueGround	49	0	1.0	95423904	0.0	2323.043544769287
ptsVH(33007,3048)	0.938277	TrueGround	50	0	1.0	95888498	0.0	2217.4390251636505
ptsVH(33008,3049)	0.896156	TrueGround	51	0	1.0	95480067	0.0	2284.1186230182648
ptsVH(33009,3049)	0.938277	TrueGround	52	0	1.0	95230012	0.0	2349.3998804092407
ptsVH(32982,3040)	0.877084	TrueGround	53	0	1.0	95081683	0.0	2281.5581336021423
ptsVH(32984,3040)	0.922291	TrueGround	54	0	1.0	94652197	0.0	2413.366678237915
ptsVH(33018,3049)	0.877084	TrueGround	55	0	1.0	95422565	0.0	2068.37984251976
ptsVH(32281,3002)	0.828734	TrueGround	56	0	1.0	95822266	0.0	2152.9705471992493
ptsVH(32282,3002)	0.938277	TrueGround	57	0	1.0	95170419	0.0	2126.7738773822784
ptsVH(32376,3007)	0.819259	TrueGround	58	0	1.0	95170478	0.0	2214.149100780487
ptsVH(32377,3007)	0.938277	TrueGround	59	0	1.0	95756354	0.0	2126.850822210312
ptsVH(33021,1)	0.742479	TrueGround	60	0	1.0	97082142	0.0	1832.5507266521454
ptsVH(33024,3040)	0.922291	TrueGround	61	0	1.0	96609118	0.0	2403.33301448822
ptsVH(33027,3040)	0.922291	TrueGround	62	0	1.0	96165228	0.0	2365.4833636283875
ptsVH(33030,3040)	0.922291	TrueGround	63	0	1.0	96389499	0.0	2478.0881068706512
ptsVH(33033,3040)	0.922291	TrueGround	64	0	1.0	95818461	0.0	2260.9344811439514
ptsVH(33036,3040)	0.922291	TrueGround	65	0	1.0	95213034	0.0	2187.227015018463
ptsVH(33039,3040)	0.922291	TrueGround	66	0	1.0	96318278	0.0	2187.6636202335358
ptsVH(33042,3040)	0.922291	TrueGround	67	0	1.0	96665065	0.0	2520.691780090332
ptsVH(33045,3040)	0.922291	TrueGround	68	0	1.0	96281011	0.0	2262.892142534256
ptsVH(33023,3041)	0.877084	TrueGround	69	0	1.0	96392017	0.0	2420.306346654892
ptsVH(33025,3041)	0.922291	TrueGround	70	0	1.0	96392682	0.0	2234.9330921173096
ptsVH(33026,3042)	0.877084	TrueGround	71	0	1.0	95191769	0.0	2125.474677801132
ptsVH(33028,3042)	0.922291	TrueGround	72	0	1.0	96500715	0.0	2544.673608779907
ptsVH(33029,3043)	0.877084	TrueGround	73	0	1.0	96175258	0.0	2494.0094215869904
ptsVH(33031,3043)	0.922291	TrueGround	74	0	1.0	95577047	0.0	2070.984663963318
ptsVH(33032,3044)	0.877084	TrueGround	75	0	1.0	94793836	0.0	2196.310333251953
ptsVH(33034,3044)	0.922291	TrueGround	76	0	1.0	95536544	0.0	2122.2318403720856
ptsVH(33035,3045)	0.877084	TrueGround	77	0	1.0	96144989	0.0	2222.5638723373413
ptsVH(33037,3045)	0.922291	TrueGround	78	0	1.0	95004903	0.0	2300.8598816394806
ptsVH(33038,3046)	0.877084	TrueGround	79	0	1.0	95427236	0.0	2278.386280298233
ptsVH(33040,3046)	0.922291	TrueGround	80	0	1.0	95921216	0.0	2339.5869846343994
ptsVH(33041,3047)	0.877084	TrueGround	81	0	1.0	96492412	0.0	2771.879282951355
ptsVH(33043,3047)	0.922291	TrueGround	82	0	1.0	96281405	0.0	2655.13001537323
ptsVH(33044,3048)	0.877084	TrueGround	83	0	1.0	95587946	0.0	2110.08097076416
ptsVH(33046,3048)	0.922291	TrueGround	84	0	1.0	94920568	0.0	2332.0399441719055
ptsVH(33048,1)	0.787953	TrueGround	85	0	1.0	96050898	0.0	2481.621731519699
ptsVH(33054,3050)	0.866607	TrueGround	86	0	1.0	95637009	0.0	2173.0937581062317
ptsVH(33055,3050)	0.938277	TrueGround	87	0	1.0	96536004	0.0	2471.4152059555054
ptsVH(33060,3051)	0.896156	TrueGround	88	0	1.0	96809184	0.0	2476.2328276634216
ptsVH(33061,3051)	0.938277	TrueGround	89	0	1.0	95955755	0.0	2111.842883825302
ptsVH(33062,3051)	0.938277	TrueGround	90	0	1.0	95871796	0.0	2291.775480747223
ptsVH(33067,3052)	0.896156	TrueGround	91	0	1.0	96703125	0.0	2055.9327659606934
ptsVH(33068,3052)	0.938277	TrueGround	92	0	1.0	96743119	0.0	2585.1493134498596
ptsVH(33069,3052)	0.938277	TrueGround	93	0	1.0	95661866	0.0	2276.206834077835
ptsVH(37123,3051)	0.804438	TrueGround	94	0	1.0	94758981	0.0	2401.7892043590546
ptsVH(37123,3052)	0.840809	TrueGround	95	0	1.0	96125617	0.0	2160.4791810512543
ptsVH(37135,3051)	0.838258	TrueGround	96	0	1.0	96031520	0.0	2188.7421572208405
ptsVH(37135,3052)	0.868269	TrueGround	97	0	1.0	96529115	0.0	2344.87234210968
ptsVH(37136,3051)	0.838258	TrueGround	98	0	1.0	95791072	0.0	2105.035460948944
ptsVH(37136,3052)	0.868269	TrueGround	99	0	1.0	95776411	0.0	2330.7640001773834
ptsVH(37138,3051)	0.838258	TrueGround	100	0	1.0	96949220	0.0	2212.4670684337616
ptsVH(37138,3052)	0.868269	TrueGround	101	0	1.0	96359967	0.0	2454.481667280197
ptsVH(37139,3051)	0.838258	TrueGround	102	0	1.0	95598492	0.0	2221.222718000412
ptsVH(37139,3052)	0.868269	TrueGround	103	0	1.0	96632465	0.0	2280.7637963294983
ptsVH(37140,3051)	0.838258	TrueGround	104	0	1.0	96128855	0.0	2278.1176574230194
ptsVH(37140,3052)	0.868269	TrueGround	105	0	1.0	96353005	0.0	2357.730757713318
ptsVH(37141,3051)	0.838258	TrueGround	106	0	1.0	96412451	0.0	2415.2010662555695
ptsVH(37141,3052)	0.868269	TrueGround	107	0	1.0	95586400	0.0	2101.9695410728455
ptsVH(37143,3051)	0.838258	TrueGround	108	0	1.0	96357972	0.0	2299.7377293109894
ptsVH(37143,3052)	0.868269	TrueGround	109	0	1.0	96726189	0.0	2355.670164823532
ptsVH(37145,3051)	0.838258	TrueGround	110	0	1.0	96376266	0.0	2417.6666765213013
ptsVH(37145,3052)	0.868269	TrueGround	111	0	1.0	96005886	0.0	2298.315042734146
ptsVH(33108,1)	0.742479	TrueGround	112	0	1.0	96213727	0.0	2042.1147918701172
ptsVH(33109,3041)	0.922291	TrueGround	113	0	1.0	95940402	0.0	2219.28462600708
ptsVH(33112,1)	0.742479	TrueGround	114	0	1.0	95619783	0.0	2006.4480426311493
ptsVH(33113,3046)	0.922291	TrueGround	115	0	1.0	96121397	0.0	2300.1531801223755
ptsVH(33049,3046)	0.926946	TrueGround	116	0	1.0	95860490	0.0	2180.6505904197693
ptsVH(33050,3046)	0.938277	TrueGround	117	0	1.0	95352995	0.0	2122.6784381866455
ptsVH(37201,3046)	0.899506	TrueGround	118	0	1.0	96240438	0.0	2300.110253572464
ptsVH(37304,3046)	0.912619	TrueGround	119	0	1.0	96444257	0.0	2469.436940431595
ptsVH(37130,3051)	0.900111	TrueGround	120	0	1.0	96703516	0.0	2257.709267616272
ptsVH(37130,3052)	0.9217	TrueGround	121	0	1.0	96950789	0.0	2431.363406896591
ptsVH(37305,3051)	0.87861	TrueGround	122	0	1.0	96165911	0.0	2426.8412866592407
ptsVH(37305,3052)	0.893794	TrueGround	123	0	1.0	95792702	0.0	2313.3321697711945
ptsVH(37203,3289)	0.866607	TrueGround	124	0	1.0	96274650	0.0	2173.9976534843445
ptsVH(37204,3289)	0.938277	TrueGround	125	0	1.0	96178940	0.0	2202.283326148987
ptsVH(37307,3299)	0.866607	TrueGround	126	0	1.0	95591074	0.0	2210.873735189438
ptsVH(37308,3299)	0.938277	TrueGround	127	0	1.0	95634939	0.0	2382.2987656593323
ptsVH(37317,3300)	0.896156	TrueGround	128	0	1.0	97284841	0.0	2280.2498030662537
ptsVH(37318,3300)	0.938277	TrueGround	129	0	1.0	96416328	0.0	2349.436812400818
ptsVH(37326,3301)	0.896156	TrueGround	130	0	1.0	95267023	0.0	2474.4607441425323
ptsVH(37327,3301)	0.938277	TrueGround	131	0	1.0	96738956	0.0	2342.1294021606445
ptsVH(37335,3302)	0.896156	TrueGround	132	0	1.0	96540596	0.0	2775.9296169281006
ptsVH(37336,3302)	0.938277	TrueGround	133	0	1.0	96110867	0.0	2730.7286133766174
ptsVH(37342,3303)	0.896156	TrueGround	134	0	1.0	96738768	0.0	2169.1094119548798
ptsVH(37343,3303)	0.938277	TrueGround	135	0	1.0	95571179	0.0	2363.27711892128
ptsVH(37349,3304)	0.896156	TrueGround	136	0	1.0	96555953	0.0	2637.7986991405487
ptsVH(37350,3304)	0.938277	TrueGround	137	0	1.0	96516742	0.0	2335.7656292915344
ptsVH(37356,3305)	0.896156	TrueGround	138	0	1.0	95454130	0.0	2339.5494287014008
ptsVH(37357,3305)	0.938277	TrueGround	139	0	1.0	96434105	0.0	2152.6544528007507
ptsVH(37363,3306)	0.896156	TrueGround	140	0	1.0	95951429	0.0	2407.8392531871796
ptsVH(37364,3306)	0.938277	TrueGround	141	0	1.0	95389280	0.0	2219.988757610321
ptsVH(37370,3307)	0.896156	TrueGround	142	0	1.0	98061954	0.0	2295.947024822235
ptsVH(37371,3307)	0.938277	TrueGround	143	0	1.0	95238056	0.0	2484.7241554260254
ptsVH(37373,3307)	0.938277	TrueGround	144	0	1.0	96042805	0.0	2260.244421482086
ptsVH(37376,3308)	0.896156	TrueGround	145	0	1.0	96019155	0.0	2156.749974012375
ptsVH(37377,3308)	0.938277	TrueGround	146	0	1.0	96162175	0.0	2406.095721244812
ptsVH(37124,3051)	0.822965	TrueGround	147	0	1.0	95591568	0.0	2180.2419497966766
ptsVH(37124,3052)	0.891724	TrueGround	148	0	1.0	96455668	0.0	2267.034520149231
ptsVH(37125,3051)	0.822965	TrueGround	149	0	1.0	95606140	0.0	2454.535388946533
ptsVH(37125,3052)	0.891724	TrueGround	150	0	1.0	95997437	0.0	2314.019672393799
ptsVH(37127,3051)	0.822965	TrueGround	151	0	1.0	95857557	0.0	2279.9424250125885
ptsVH(37127,3052)	0.891724	TrueGround	152	0	1.0	96183520	0.0	2367.150698900223
ptsVH(37128,3051)	0.822965	TrueGround	153	0	1.0	96426768	0.0	2165.4161579608917
ptsVH(37128,3052)	0.891724	TrueGround	154	0	1.0	96599091	0.0	2128.8394837379456
