Tuple	Confidence	Ground	NumTrue	NumFalse	Fraction	InversionCount	YetToConvergeFraction	Time(s)
ptsVH(14326,1)	0.877303	TrueGround	1	0	1.0	30627805	0.0	448.5556993484497
ptsVH(14327,1)	0.938277	TrueGround	2	0	1.0	30921840	0.0	495.801109790802
ptsVH(14337,2)	0.896156	TrueGround	3	0	1.0	30768357	0.0	446.918119430542
ptsVH(14338,2)	0.938277	TrueGround	4	0	1.0	30866830	0.0	397.83044719696045
ptsVH(14339,2)	0.938277	TrueGround	5	0	1.0	30804633	0.0	410.3189070224762
ptsVH(17594,1692)	0.751413	TrueGround	6	0	1.0	30894167	0.0	408.86711263656616
ptsVH(17595,1692)	0.938277	TrueGround	7	0	1.0	30962664	0.0	1348.2964918613434
ptsVH(14299,2)	0.71506	TrueGround	8	0	1.0	30962681	0.0	1496.8839831352234
ptsVH(14304,2)	0.75588	TrueGround	9	0	1.0	30900856	0.0	910.997175693512
ptsVH(14307,1400)	0.866857	TrueGround	10	0	1.0	30293017	0.0	922.6341960430145
ptsVH(14308,1400)	0.938277	TrueGround	11	0	1.0	30357578	0.0	911.1184668540955
ptsVH(14312,1400)	0.938277	TrueGround	12	0	1.0	30290532	0.0	876.7677636146545
ptsVH(14309,1401)	0.896156	TrueGround	13	0	1.0	30288528	0.0	863.6101415157318
ptsVH(14310,1401)	0.938277	TrueGround	14	0	1.0	30290152	0.0	901.4310371875763
ptsVH(14287,1400)	0.695563	TrueGround	15	0	1.0	30290973	0.0	878.6572661399841
ptsVH(14288,1401)	0.938712	TrueGround	16	0	1.0	30156438	0.0	825.7763543128967
ptsVH(14293,1400)	0.938277	TrueGround	17	0	1.0	30156436	0.0	862.3479373455048
ptsVH(14289,1399)	0.866607	TrueGround	18	0	1.0	30303424	0.0	867.1258418560028
ptsVH(14290,1399)	0.938277	TrueGround	19	0	1.0	30054447	0.0	861.7304065227509
ptsVH(14291,1399)	0.938277	TrueGround	20	0	1.0	30054447	0.0	866.7995262145996
ptsVH(14730,1401)	0.796267	TrueGround	21	0	1.0	30053643	0.0	807.4176275730133
ptsVH(14731,1429)	0.877342	TrueGround	22	0	1.0	30625247	0.0	725.0271484851837
ptsVH(14732,1429)	0.938277	TrueGround	23	0	1.0	31025037	0.0	724.341290473938
ptsVH(14738,1430)	0.896156	TrueGround	24	0	1.0	31031460	0.0	669.2426216602325
ptsVH(14739,1430)	0.938277	TrueGround	25	0	1.0	31029432	0.0	732.8818583488464
ptsVH(14741,1430)	0.938277	TrueGround	26	0	1.0	31028169	0.0	681.470192193985
ptsVH(14742,1431)	0.896156	TrueGround	27	0	1.0	31029183	0.0	657.4475510120392
ptsVH(14743,1431)	0.938277	TrueGround	28	0	1.0	31060026	0.0	667.4851174354553
ptsVH(14745,1431)	0.938277	TrueGround	29	0	1.0	31070968	0.0	702.9719424247742
ptsVH(14746,1432)	0.896156	TrueGround	30	0	1.0	31074994	0.0	680.1174252033234
ptsVH(14747,1432)	0.938277	TrueGround	31	0	1.0	31013910	0.0	645.4277853965759
ptsVH(14750,1433)	0.896156	TrueGround	32	0	1.0	31013914	0.0	655.1759946346283
ptsVH(14751,1433)	0.938277	TrueGround	33	0	1.0	31013901	0.0	667.9328322410583
ptsVH(14752,1433)	0.938277	TrueGround	34	0	1.0	31013903	0.0	680.1014747619629
ptsVH(14753,1434)	0.896156	TrueGround	35	0	1.0	31013897	0.0	701.2910392284393
ptsVH(14754,1434)	0.938277	TrueGround	36	0	1.0	31006035	0.0	656.8933069705963
ptsVH(14755,1434)	0.938277	TrueGround	37	0	1.0	31006637	0.0	656.2208979129791
ptsVH(14292,1434)	0.926946	TrueGround	38	0	1.0	30996426	0.0	668.7221033573151
ptsVH(14756,1435)	0.896156	TrueGround	39	0	1.0	30992347	0.0	668.1667833328247
ptsVH(14757,1435)	0.938277	TrueGround	40	0	1.0	30994165	0.0	679.4376606941223
ptsVH(14294,1434)	0.877084	TrueGround	41	0	1.0	31002076	0.0	668.6724698543549
ptsVH(17434,1430)	0.822382	TrueGround	42	0	1.0	30998863	0.0	657.570362329483
ptsVH(17438,1681)	0.83967	TrueGround	43	0	1.0	31052492	0.0	624.3843569755554
ptsVH(17439,1681)	0.938277	TrueGround	44	0	1.0	31059503	0.0	661.8318746089935
ptsVH(16394,1746)	0.81258	TrueGround	45	0	1.0	31057974	0.0	649.9581310749054
ptsVH(16367,1746)	0.905811	TrueGround	46	0	1.0	31096027	0.0	650.4881727695465
ptsVH(16368,1746)	0.938277	TrueGround	47	0	1.0	31096233	0.0	671.6351466178894
ptsVH(16369,1746)	0.938277	TrueGround	48	0	1.0	31096245	0.0	661.7925872802734
ptsVH(16370,1746)	0.938277	TrueGround	49	0	1.0	31096106	0.0	661.6697723865509
ptsVH(17829,1746)	0.936364	TrueGround	50	0	1.0	31096327	0.0	673.9122405052185
ptsVH(17843,1746)	0.936315	TrueGround	51	0	1.0	31096294	0.0	673.0587627887726
ptsVH(17855,1746)	0.936274	TrueGround	52	0	1.0	31096351	0.0	650.1622490882874
ptsVH(17870,1746)	0.936241	TrueGround	53	0	1.0	31098349	0.0	626.7663443088531
ptsVH(16317,1574)	0.896156	TrueGround	54	0	1.0	31096231	0.0	673.403559923172
ptsVH(16318,1574)	0.938277	TrueGround	55	0	1.0	31095000	0.0	696.380588054657
ptsVH(16320,1574)	0.938277	TrueGround	56	0	1.0	31094731	0.0	674.4278516769409
ptsVH(16321,1575)	0.896156	TrueGround	57	0	1.0	31094489	0.0	686.3130671977997
ptsVH(16322,1575)	0.938277	TrueGround	58	0	1.0	31098026	0.0	675.0769724845886
ptsVH(16332,1576)	0.896156	TrueGround	59	0	1.0	31098055	0.0	650.2832324504852
ptsVH(16333,1576)	0.938277	TrueGround	60	0	1.0	31097864	0.0	708.2190227508545
ptsVH(16334,1576)	0.938277	TrueGround	61	0	1.0	31097912	0.0	673.5065882205963
ptsVH(16335,1577)	0.896156	TrueGround	62	0	1.0	31098172	0.0	650.5967819690704
ptsVH(16336,1577)	0.938277	TrueGround	63	0	1.0	31097187	0.0	673.0859570503235
ptsVH(16337,1578)	0.896156	TrueGround	64	0	1.0	31097055	0.0	673.1784589290619
ptsVH(16338,1578)	0.938277	TrueGround	65	0	1.0	31096274	0.0	708.379047870636
ptsVH(16339,1579)	0.896156	TrueGround	66	0	1.0	31096065	0.0	649.8108420372009
ptsVH(16340,1579)	0.938277	TrueGround	67	0	1.0	31099727	0.0	650.6159338951111
ptsVH(16347,1580)	0.896156	TrueGround	68	0	1.0	31099787	0.0	616.1628527641296
ptsVH(16348,1580)	0.938277	TrueGround	69	0	1.0	31099228	0.0	639.6605632305145
ptsVH(16349,1580)	0.938277	TrueGround	70	0	1.0	31099172	0.0	650.2596018314362
ptsVH(16355,1581)	0.896156	TrueGround	71	0	1.0	31099247	0.0	638.7663345336914
ptsVH(16356,1581)	0.938277	TrueGround	72	0	1.0	31099243	0.0	662.3469414710999
ptsVH(16357,1582)	0.896156	TrueGround	73	0	1.0	31099256	0.0	616.7338662147522
ptsVH(16358,1582)	0.938277	TrueGround	74	0	1.0	31099163	0.0	672.1450107097626
ptsVH(16359,1583)	0.896156	TrueGround	75	0	1.0	31099419	0.0	639.0358126163483
ptsVH(16360,1583)	0.938277	TrueGround	76	0	1.0	31099143	0.0	684.8570585250854
ptsVH(17434,1580)	0.812999	TrueGround	77	0	1.0	31099117	0.0	662.4961633682251
ptsVH(17437,1574)	0.866882	TrueGround	78	0	1.0	31098655	0.0	708.001161813736
ptsVH(17437,1580)	0.899295	FalseGround	78	1	0.9873417721518988	31079397	0.0	733.3939480781555
ptsVH(17434,1574)	0.813017	TrueGround	79	1	0.9875	31104937	0.0	947.6728050708771
ptsVH(14783,1430)	0.809811	TrueGround	80	1	0.9876543209876543	31103971	0.0	815.7202594280243
ptsVH(14780,1431)	0.939235	TrueGround	81	1	0.9878048780487805	31150016	0.0	781.4971990585327
ptsVH(14787,1440)	0.866607	TrueGround	82	1	0.9879518072289156	31149995	0.0	887.5499172210693
ptsVH(14788,1440)	0.938277	TrueGround	83	1	0.9880952380952381	31169406	0.0	888.0947299003601
ptsVH(14806,1441)	0.896156	TrueGround	84	1	0.9882352941176471	31169677	0.0	846.4867510795593
ptsVH(14807,1441)	0.938277	TrueGround	85	1	0.9883720930232558	31172561	0.0	828.6195733547211
ptsVH(14814,1442)	0.896156	TrueGround	86	1	0.9885057471264368	31172437	0.0	903.3128020763397
ptsVH(14815,1442)	0.938277	TrueGround	87	1	0.9886363636363636	31175949	0.0	799.8841562271118
ptsVH(14822,1443)	0.896156	TrueGround	88	1	0.9887640449438202	31175989	0.0	846.3777980804443
ptsVH(14823,1443)	0.938277	TrueGround	89	1	0.9888888888888889	31179346	0.0	776.8268871307373
ptsVH(14836,1444)	0.896156	TrueGround	90	1	0.989010989010989	31179194	0.0	811.7696154117584
ptsVH(14837,1444)	0.938277	TrueGround	91	1	0.9891304347826086	31182181	0.0	892.628308057785
ptsVH(14829,1748)	0.882425	TrueGround	92	1	0.989247311827957	31182036	0.0	811.4202947616577
ptsVH(17826,1748)	0.952765	TrueGround	93	1	0.9893617021276596	31182422	0.0	731.7954015731812
ptsVH(14830,1748)	0.938277	TrueGround	94	1	0.9894736842105263	31182007	0.0	828.6413962841034
ptsVH(17826,1749)	0.895	TrueGround	95	1	0.9895833333333334	31182045	0.0	853.6280658245087
ptsVH(14831,1749)	0.953615	TrueGround	96	1	0.9896907216494846	31182129	0.0	822.210640668869
ptsVH(14832,1749)	0.938277	TrueGround	97	1	0.9897959183673469	31182251	0.0	767.5280685424805
ptsVH(17826,1750)	0.894987	TrueGround	98	1	0.98989898989899	31182384	0.0	811.9552526473999
ptsVH(14833,1750)	0.953615	TrueGround	99	1	0.99	31182126	0.0	822.6698017120361
ptsVH(14834,1750)	0.938277	TrueGround	100	1	0.9900990099009901	31182116	0.0	869.026180267334
ptsVH(15437,1434)	0.782733	TrueGround	101	1	0.9901960784313726	31181983	0.0	880.5718426704407
ptsVH(15438,1401)	0.938712	TrueGround	102	1	0.9902912621359223	31211571	0.0	800.1301937103271
ptsVH(15439,1431)	0.938712	TrueGround	103	1	0.9903846153846154	31211658	0.0	834.3334331512451
ptsVH(15440,1433)	0.938712	TrueGround	104	1	0.9904761904761905	31213823	0.0	834.7392830848694
ptsVH(15442,1501)	0.866629	TrueGround	105	1	0.9905660377358491	31213845	0.0	788.5518956184387
ptsVH(15443,1501)	0.938277	TrueGround	106	1	0.9906542056074766	31224351	0.0	914.8928356170654
ptsVH(15444,1502)	0.896156	TrueGround	107	1	0.9907407407407407	31224314	0.0	834.9272122383118
ptsVH(15445,1502)	0.938277	TrueGround	108	1	0.9908256880733946	31224299	0.0	799.8088154792786
ptsVH(15446,1503)	0.896156	TrueGround	109	1	0.990909090909091	31224506	0.0	800.5906326770782
ptsVH(15447,1503)	0.938277	TrueGround	110	1	0.990990990990991	31224364	0.0	801.4521489143372
ptsVH(15448,1504)	0.896156	TrueGround	111	1	0.9910714285714286	31224404	0.0	881.7482063770294
ptsVH(15449,1504)	0.938277	TrueGround	112	1	0.9911504424778761	31224520	0.0	810.3389394283295
ptsVH(15450,1505)	0.896156	TrueGround	113	1	0.9912280701754386	31224469	0.0	778.13627409935
ptsVH(15451,1505)	0.938277	TrueGround	114	1	0.991304347826087	31224306	0.0	931.2028234004974
ptsVH(15462,1506)	0.896156	TrueGround	115	1	0.9913793103448276	31224321	0.0	832.6254940032959
ptsVH(15463,1506)	0.938277	TrueGround	116	1	0.9914529914529915	31224247	0.0	914.8996603488922
ptsVH(15465,1506)	0.938277	TrueGround	117	1	0.9915254237288136	31224336	0.0	950.8366293907166
ptsVH(15480,1507)	0.896156	TrueGround	118	1	0.9915966386554622	31224261	0.0	922.1373701095581
ptsVH(15481,1507)	0.938277	TrueGround	119	1	0.9916666666666667	31226720	0.0	850.0514714717865
ptsVH(15498,1508)	0.896156	TrueGround	120	1	0.9917355371900827	31226747	0.0	838.3073129653931
ptsVH(15499,1508)	0.938277	TrueGround	121	1	0.9918032786885246	31229590	0.0	835.1438357830048
ptsVH(15506,1509)	0.896156	TrueGround	122	1	0.991869918699187	31229614	0.0	837.651121377945
ptsVH(15507,1509)	0.938277	TrueGround	123	1	0.9919354838709677	31232753	0.0	851.8496387004852
ptsVH(15514,1510)	0.896156	TrueGround	124	1	0.992	31232999	0.0	838.9923150539398
ptsVH(15515,1510)	0.938277	TrueGround	125	1	0.9920634920634921	31235865	0.0	769.4806473255157
ptsVH(17422,1574)	0.767722	TrueGround	126	1	0.9921259842519685	31235873	0.0	833.3653140068054
ptsVH(17420,1580)	0.930723	TrueGround	127	1	0.9921875	31209256	0.0	705.1366221904755
ptsVH(17420,1430)	0.945755	TrueGround	128	1	0.9922480620155039	31211466	0.0	704.5614898204803
ptsVH(17420,1574)	0.890952	TrueGround	129	1	0.9923076923076923	31210515	0.0	731.0584843158722
ptsVH(17420,1506)	0.837091	TrueGround	130	1	0.9923664122137404	31210185	0.0	674.0651278495789
ptsVH(14842,1)	0.765496	FalseGround	130	2	0.9848484848484849	31210813	0.0	706.6724026203156
ptsVH(15486,1440)	0.765496	FalseGround	130	3	0.9774436090225563	31147872	0.0	826.9559075832367
ptsVH(15487,1575)	0.765496	FalseGround	130	4	0.9701492537313433	31123951	0.0	754.874000787735
ptsVH(15503,1579)	0.765496	FalseGround	130	5	0.9629629629629629	31103020	0.0	828.3071255683899
ptsVH(16327,1441)	0.765495	FalseGround	130	6	0.9558823529411765	31082043	0.0	884.7721126079559
ptsVH(17444,1442)	0.765494	FalseGround	130	7	0.948905109489051	31058689	0.0	862.4075779914856
ptsVH(17443,1443)	0.765484	FalseGround	130	8	0.9420289855072463	31035052	0.0	862.8435356616974
ptsVH(15511,1444)	0.765426	FalseGround	130	9	0.935251798561151	31010559	0.0	957.1106243133545
ptsVH(15518,1507)	0.765261	FalseGround	130	10	0.9285714285714286	30986439	0.0	1023.1519920825958
ptsVH(15502,1508)	0.764804	TrueGround	131	10	0.9290780141843972	30959212	0.0	1228.7476687431335
ptsVH(16343,1508)	0.921722	FalseGround	131	11	0.9225352112676056	30967563	0.0	1057.1723594665527
ptsVH(16325,1508)	0.921396	FalseGround	131	12	0.916083916083916	30921069	0.0	1068.7984201908112
ptsVH(14811,1508)	0.926882	FalseGround	131	13	0.9097222222222222	30885489	0.0	1034.736906528473
ptsVH(14840,1508)	0.915904	FalseGround	131	14	0.903448275862069	30848158	0.0	1098.873811006546
ptsVH(15484,1508)	0.918281	FalseGround	131	15	0.8972602739726028	30846035	0.0	866.9324295520782
ptsVH(14791,1508)	0.926907	FalseGround	131	16	0.891156462585034	30796410	0.0	1024.8164970874786
ptsVH(14827,1508)	0.917993	FalseGround	131	17	0.8851351351351351	30761070	0.0	1028.5563750267029
ptsVH(14819,1508)	0.917438	FalseGround	131	18	0.8791946308724832	30727780	0.0	944.2697403430939
ptsVH(15500,1508)	0.911943	TrueGround	132	18	0.88	30695081	0.0	944.871853351593
ptsVH(17444,1508)	0.882315	FalseGround	132	19	0.8741721854304636	30695387	0.0	897.2822856903076
ptsVH(15503,1508)	0.88231	TrueGround	133	19	0.875	30657831	0.0	911.1373226642609
ptsVH(15511,1508)	0.882194	FalseGround	133	20	0.869281045751634	30654396	0.0	993.2137818336487
ptsVH(15518,1508)	0.882125	FalseGround	133	21	0.8636363636363636	30629114	0.0	945.0075571537018
ptsVH(15500,1)	0.799814	FalseGround	133	22	0.8580645161290322	30609615	0.0	945.5376563072205
ptsVH(14868,1508)	0.788757	FalseGround	133	23	0.8525641025641025	30562728	0.0	1158.2993087768555
ptsVH(16300,1577)	0.745078	TrueGround	134	23	0.8535031847133758	30482122	0.0	1324.9296565055847
ptsVH(16300,1578)	0.940939	TrueGround	135	23	0.8544303797468354	30481935	0.0	1274.2516796588898
ptsVH(16290,1577)	0.905547	TrueGround	136	23	0.8553459119496856	30481913	0.0	1262.7159135341644
ptsVH(16290,1578)	0.951284	TrueGround	137	23	0.85625	30481906	0.0	1346.7456622123718
ptsVH(16301,1577)	0.937137	TrueGround	138	23	0.8571428571428571	30481694	0.0	1327.1324899196625
ptsVH(16301,1578)	0.967734	TrueGround	139	23	0.8580246913580247	30481800	0.0	1239.1188611984253
ptsVH(15453,1577)	0.926946	TrueGround	140	23	0.8588957055214724	30481752	0.0	1279.1419134140015
ptsVH(15453,1578)	0.968977	TrueGround	141	23	0.8597560975609756	30481945	0.0	1252.7847485542297
ptsVH(17437,1572)	0.903732	TrueGround	142	23	0.8606060606060606	30482006	0.0	1229.3719704151154
ptsVH(16294,1572)	0.914499	TrueGround	143	23	0.8614457831325302	30516032	0.0	1308.8202557563782
ptsVH(16297,1572)	0.946334	TrueGround	144	23	0.8622754491017964	30516063	0.0	1297.76233792305
ptsVH(16314,1572)	0.94598	TrueGround	145	23	0.8630952380952381	30516293	0.0	1247.999177455902
ptsVH(17422,1572)	0.94699	TrueGround	146	23	0.863905325443787	30511701	0.0	1354.6095924377441
ptsVH(16295,1572)	0.938277	TrueGround	147	23	0.8647058823529412	30501126	0.0	1345.5732984542847
ptsVH(17420,1572)	0.837091	TrueGround	148	23	0.8654970760233918	30501264	0.0	1288.913816690445
ptsVH(17434,1572)	0.890786	TrueGround	149	23	0.8662790697674418	30501133	0.0	1251.8369932174683
ptsVH(15620,1434)	0.742479	TrueGround	150	23	0.8670520231213873	30501143	0.0	1377.5328726768494
ptsVH(15621,1435)	0.938712	TrueGround	151	23	0.867816091954023	30506345	0.0	1275.4214220046997
ptsVH(14296,1400)	0.742473	TrueGround	152	23	0.8685714285714285	30505807	0.0	1263.484459400177
ptsVH(14298,1434)	0.922291	TrueGround	153	23	0.8693181818181818	30305413	0.0	1298.3155369758606
ptsVH(15363,1508)	0.720628	FalseGround	153	24	0.864406779661017	30278550	0.0	1253.9252588748932
ptsVH(16312,1577)	0.719583	TrueGround	154	24	0.8651685393258427	29773740	0.0	1356.6416234970093
ptsVH(16312,1578)	0.940939	TrueGround	155	24	0.8659217877094972	29773888	0.0	1445.5341057777405
ptsVH(17437,1573)	0.916191	TrueGround	156	24	0.8666666666666667	29773872	0.0	1527.8957767486572
ptsVH(16306,1573)	0.913925	TrueGround	157	24	0.8674033149171271	29769197	0.0	1367.9557774066925
ptsVH(16309,1573)	0.9458	TrueGround	158	24	0.8681318681318682	29771094	0.0	1375.0247569084167
ptsVH(16314,1573)	0.959566	TrueGround	159	24	0.8688524590163934	29771756	0.0	1478.1683127880096
ptsVH(17422,1573)	0.971789	TrueGround	160	24	0.8695652173913043	29772200	0.0	1387.9339480400085
ptsVH(16307,1573)	0.938277	TrueGround	161	24	0.8702702702702703	29772668	0.0	1318.9525203704834
ptsVH(16302,1577)	0.905547	TrueGround	162	24	0.8709677419354839	29772696	0.0	1401.6866509914398
ptsVH(16302,1578)	0.951284	TrueGround	163	24	0.8716577540106952	29772582	0.0	1455.3201026916504
ptsVH(16313,1577)	0.937137	TrueGround	164	24	0.8723404255319149	29772745	0.0	1559.969610452652
ptsVH(16313,1578)	0.967734	TrueGround	165	24	0.873015873015873	29772499	0.0	1492.5429229736328
ptsVH(15452,1577)	0.926946	TrueGround	166	24	0.8736842105263158	29772723	0.0	1497.8891470432281
ptsVH(15452,1578)	0.968977	TrueGround	167	24	0.8743455497382199	29772583	0.0	1247.9593284130096
ptsVH(17420,1573)	0.837091	TrueGround	168	24	0.875	29772553	0.0	1345.9365320205688
ptsVH(17434,1573)	0.890786	TrueGround	169	24	0.8756476683937824	29772616	0.0	1382.9974162578583
ptsVH(16398,1578)	0.695563	TrueGround	170	24	0.8762886597938144	29772709	0.0	1310.9083490371704
ptsVH(16399,1576)	0.938712	TrueGround	171	24	0.8769230769230769	29772603	0.0	1300.3309834003448
ptsVH(16401,1578)	0.740318	TrueGround	172	24	0.8775510204081632	29772683	0.0	1469.1602606773376
ptsVH(16401,1577)	0.953413	TrueGround	173	24	0.8781725888324873	29772592	0.0	1482.1327109336853
ptsVH(16403,1576)	0.938712	TrueGround	174	24	0.8787878787878788	29772452	0.0	1424.4406371116638
ptsVH(17296,1433)	0.695563	TrueGround	175	24	0.8793969849246231	29772462	0.0	1389.3009433746338
ptsVH(17720,1501)	0.695563	TrueGround	176	24	0.88	29772614	0.0	1368.0855236053467
ptsVH(15046,1435)	0.69513	TrueGround	177	24	0.8805970149253731	29772612	0.0	1516.5998058319092
ptsVH(15047,1434)	0.938712	TrueGround	178	24	0.8811881188118812	29868986	0.0	1421.3973705768585
ptsVH(15050,1456)	0.865856	TrueGround	179	24	0.8817733990147784	29869753	0.0	1508.3431947231293
ptsVH(15051,1456)	0.938277	TrueGround	180	24	0.8823529411764706	29851165	0.0	1804.966984987259
ptsVH(15524,1434)	0.742479	TrueGround	181	24	0.8829268292682927	29851301	0.0	1315.618423461914
ptsVH(15525,1431)	0.877084	TrueGround	182	24	0.883495145631068	29852727	0.0	1462.2923636436462
ptsVH(15049,1431)	0.926946	TrueGround	183	24	0.8840579710144928	29851699	0.0	1366.723667383194
ptsVH(15540,1434)	0.742479	TrueGround	184	24	0.8846153846153846	29851749	0.0	1303.8966891765594
ptsVH(16759,1456)	0.69369	TrueGround	185	24	0.8851674641148325	29853353	0.0	1410.046058177948
ptsVH(16760,1456)	0.738847	TrueGround	186	24	0.8857142857142857	29841177	0.0	1332.2702732086182
ptsVH(16761,1434)	0.938712	TrueGround	187	24	0.8862559241706162	29820890	0.0	1447.4624485969543
ptsVH(16789,1626)	0.8649	TrueGround	188	24	0.8867924528301887	29820885	0.0	1470.6321411132812
ptsVH(16790,1626)	0.938277	TrueGround	189	24	0.8873239436619719	29812055	0.0	1456.900282382965
ptsVH(16792,1626)	0.938277	TrueGround	190	24	0.8878504672897196	29811867	0.0	1516.1439661979675
ptsVH(16795,1627)	0.896156	TrueGround	191	24	0.8883720930232558	29811977	0.0	1493.309238433838
ptsVH(16796,1627)	0.938277	TrueGround	192	24	0.8888888888888888	29811622	0.0	1424.28204703331
ptsVH(16776,1625)	0.895808	TrueGround	193	24	0.8894009216589862	29811468	0.0	1271.4824578762054
ptsVH(16777,1625)	0.938277	TrueGround	194	24	0.8899082568807339	29812124	0.0	1374.7427763938904
ptsVH(16765,1624)	0.894382	TrueGround	195	24	0.8904109589041096	29812025	0.0	1409.052755355835
ptsVH(16768,1624)	0.937869	TrueGround	196	24	0.8909090909090909	29811877	0.0	1397.2904739379883
ptsVH(16766,1624)	0.937849	TrueGround	197	24	0.8914027149321267	29811889	0.0	1430.511073589325
ptsVH(16784,1745)	0.882425	TrueGround	198	24	0.8918918918918919	29811777	0.0	1455.2451508045197
ptsVH(16785,1745)	0.938277	TrueGround	199	24	0.8923766816143498	29803876	0.0	1513.7098701000214
ptsVH(16786,1745)	0.938277	TrueGround	200	24	0.8928571428571429	29801680	0.0	1450.8054916858673
ptsVH(16829,1745)	0.93607	TrueGround	201	24	0.8933333333333333	29799493	0.0	1445.5740568637848
ptsVH(17437,1624)	0.879598	FalseGround	201	25	0.8893805309734514	29799581	0.0	1586.4046475887299
ptsVH(16797,1431)	0.826464	TrueGround	202	25	0.8898678414096917	29853915	0.0	1486.8811492919922
ptsVH(15500,1625)	0.799426	FalseGround	202	26	0.8859649122807017	29853835	0.0	1469.6657264232635
ptsVH(17420,1624)	0.779228	TrueGround	203	26	0.8864628820960698	29837692	0.0	1456.3568408489227
ptsVH(17434,1624)	0.814292	TrueGround	204	26	0.8869565217391304	29832932	0.0	1673.6485803127289
ptsVH(16911,1627)	0.695563	TrueGround	205	26	0.8874458874458875	29788699	0.0	1368.4523513317108
ptsVH(16913,1431)	0.938712	TrueGround	206	26	0.8879310344827587	29786539	0.0	1496.4445009231567
ptsVH(14758,1399)	0.688362	TrueGround	207	26	0.8884120171673819	29786446	0.0	1321.1298248767853
ptsVH(14759,1399)	0.726299	TrueGround	208	26	0.8888888888888888	29969303	0.0	1439.6078588962555
ptsVH(14760,1434)	0.938712	TrueGround	209	26	0.8893617021276595	29992078	0.0	1393.7816984653473
ptsVH(14778,1439)	0.859293	TrueGround	210	26	0.8898305084745762	29991980	0.0	1598.3411629199982
ptsVH(14779,1439)	0.938143	TrueGround	211	26	0.890295358649789	30093526	0.0	1292.9458446502686
ptsVH(14295,1439)	0.926912	TrueGround	212	26	0.8907563025210085	30101293	0.0	1303.3783061504364
ptsVH(14768,1437)	0.895375	TrueGround	213	26	0.891213389121339	30067571	0.0	1474.8971498012543
ptsVH(14771,1437)	0.938198	TrueGround	214	26	0.8916666666666667	30068970	0.0	1656.941249847412
ptsVH(14769,1437)	0.938053	TrueGround	215	26	0.8921161825726142	30069536	0.0	1441.084998846054
ptsVH(17449,1572)	0.89652	TrueGround	216	26	0.8925619834710744	30069572	0.0	1430.1071445941925
ptsVH(17449,1573)	0.973124	TrueGround	217	26	0.8930041152263375	30073550	0.0	1701.907858133316
ptsVH(17449,1574)	0.97444	FalseGround	217	27	0.889344262295082	30074059	0.0	1485.907469511032
ptsVH(17456,1508)	0.926735	FalseGround	217	28	0.8857142857142857	30121607	0.0	3344.5778760910034
ptsVH(14297,1439)	0.876936	TrueGround	218	28	0.8861788617886179	30064414	0.0	4290.511855602264
ptsVH(14772,1438)	0.876774	TrueGround	219	28	0.8866396761133604	30008988	0.0	5140.10241484642
ptsVH(14775,1438)	0.936011	TrueGround	220	28	0.8870967741935484	30008702	0.0539436	6013.371031761169
ptsVH(14773,1438)	0.926804	TrueGround	221	28	0.8875502008032129	30005503	0.0562907	6089.889909505844
ptsVH(14764,1436)	0.874975	TrueGround	222	28	0.888	29999184	0.0677631	6132.269820928574
ptsVH(14767,1436)	0.935224	TrueGround	223	28	0.8884462151394422	29981852	0.0981986	6367.519612312317
ptsVH(14765,1436)	0.934015	TrueGround	224	28	0.8888888888888888	29984323	0.0923122	6444.307996749878
ptsVH(17422,1436)	0.927656	TrueGround	225	28	0.8893280632411067	30047879	0.107098	7072.0335521698
ptsVH(17447,1573)	0.849831	TrueGround	226	28	0.889763779527559	29980767	0.101324	6937.4184856414795
ptsVH(17447,1572)	0.890786	TrueGround	227	28	0.8901960784313725	29997356	0.0735859	6504.279458761215
ptsVH(17420,1438)	0.795894	TrueGround	228	28	0.890625	29973666	0.105718	6706.491379499435
ptsVH(17447,1438)	0.816354	TrueGround	229	28	0.8910505836575876	29897065	0.113261	6716.518929243088
ptsVH(17447,1574)	0.822987	TrueGround	230	28	0.8914728682170543	29970866	0.119517	6765.918082475662
ptsVH(17420,1436)	0.81093	TrueGround	231	28	0.8918918918918919	29961239	0.0904232	6581.958402633667
ptsVH(17420,1437)	0.812399	TrueGround	232	28	0.8923076923076924	29908580	0.113177	6689.724636554718
ptsVH(17449,1436)	0.829155	TrueGround	233	28	0.89272030651341	29887969	0.0728211	6438.046756267548
ptsVH(17447,1436)	0.885685	TrueGround	234	28	0.8931297709923665	30004106	0.0	1476.331571817398
ptsVH(17447,1437)	0.875805	TrueGround	235	28	0.8935361216730038	29997054	0.0	1558.9956846237183
ptsVH(17437,1436)	0.868246	FalseGround	235	29	0.8901515151515151	29996638	0.0	1645.7243134975433
