Tuple	Confidence	Ground	NumTrue	NumFalse	Fraction	InversionCount	YetToConvergeFraction	Time(s)
ptsVH(1606,1)	0.877303	TrueGround	1	0	1.0	5671692	0.0	346.2644407749176
ptsVH(1607,1)	0.938277	TrueGround	2	0	1.0	5667657	0.0	384.54629921913147
ptsVH(1610,2)	0.896156	TrueGround	3	0	1.0	5667510	0.0	356.084233045578
ptsVH(1611,2)	0.938277	TrueGround	4	0	1.0	5667599	0.0	354.5371026992798
ptsVH(1612,3)	0.896156	TrueGround	5	0	1.0	5647508	0.0	347.2663507461548
ptsVH(1613,3)	0.938277	TrueGround	6	0	1.0	5647508	0.0	338.2796542644501
ptsVH(1615,4)	0.896156	TrueGround	7	0	1.0	5647508	0.0	331.0787744522095
ptsVH(1616,4)	0.938277	TrueGround	8	0	1.0	5647508	0.0	358.0816025733948
ptsVH(1618,5)	0.896156	TrueGround	9	0	1.0	5647508	0.0	348.0605471134186
ptsVH(1619,5)	0.938277	TrueGround	10	0	1.0	5648463	0.0	340.34436559677124
ptsVH(1625,6)	0.896156	TrueGround	11	0	1.0	5648463	0.0	315.1347734928131
ptsVH(1626,6)	0.938277	TrueGround	12	0	1.0	5648745	0.0	315.6326713562012
ptsVH(1627,7)	0.896156	TrueGround	13	0	1.0	5623096	0.0	339.84732270240784
ptsVH(1628,7)	0.938277	TrueGround	14	0	1.0	5623023	0.0	332.7573058605194
ptsVH(1629,8)	0.896156	TrueGround	15	0	1.0	5622956	0.0	331.70813965797424
ptsVH(1630,8)	0.938277	TrueGround	16	0	1.0	5624129	0.0	332.18805289268494
ptsVH(1624,6)	0.877084	TrueGround	17	0	1.0	5624129	0.0	372.68552708625793
ptsVH(1637,6)	0.922291	TrueGround	18	0	1.0	5623695	0.0	338.14953231811523
ptsVH(888,85)	0.831225	TrueGround	19	0	1.0	5615612	0.0	330.176007270813
ptsVH(889,85)	0.938277	TrueGround	20	0	1.0	5615602	0.0	359.0479612350464
ptsVH(239,25)	0.823861	TrueGround	21	0	1.0	5615602	0.0	339.7471089363098
ptsVH(240,25)	0.938277	TrueGround	22	0	1.0	5616038	0.0	537.0277552604675
ptsVH(249,26)	0.896156	TrueGround	23	0	1.0	5616039	0.0	560.0743827819824
ptsVH(250,26)	0.938277	TrueGround	24	0	1.0	5616677	0.0	519.173143863678
ptsVH(260,27)	0.896156	TrueGround	25	0	1.0	5616677	0.0	527.6273806095123
ptsVH(261,27)	0.938277	TrueGround	26	0	1.0	5617358	0.0	512.4866282939911
ptsVH(269,28)	0.896156	TrueGround	27	0	1.0	5617360	0.0	505.0385138988495
ptsVH(270,28)	0.938277	TrueGround	28	0	1.0	5618098	0.0	510.8406436443329
ptsVH(913,85)	0.810546	TrueGround	29	0	1.0	5618097	0.0	469.0909221172333
ptsVH(1918,136)	0.803909	TrueGround	30	0	1.0	5617899	0.0	528.9591684341431
ptsVH(1919,136)	0.938277	TrueGround	31	0	1.0	5619752	0.0	492.76101326942444
ptsVH(1922,26)	0.832044	FalseGround	31	1	0.96875	5619751	0.0	473.5557622909546
ptsVH(1850,127)	0.790519	TrueGround	32	1	0.9696969696969697	5617668	0.0	555.5669684410095
ptsVH(1851,127)	0.938277	TrueGround	33	1	0.9705882352941176	5617562	0.0	580.3537271022797
ptsVH(1852,127)	0.905547	TrueGround	34	1	0.9714285714285714	5617561	0.0	622.60840010643
ptsVH(1687,139)	0.785263	TrueGround	35	1	0.9722222222222222	5617552	0.0	538.4239370822906
ptsVH(1939,139)	0.901331	TrueGround	36	1	0.972972972972973	5618519	0.0	550.9785418510437
ptsVH(1940,139)	0.933358	TrueGround	37	1	0.9736842105263158	5617903	0.0	567.3517034053802
ptsVH(1683,139)	0.907509	TrueGround	38	1	0.9743589743589743	5617864	0.0	577.7707982063293
ptsVH(1944,139)	0.922098	TrueGround	39	1	0.975	5617749	0.0	551.5071196556091
ptsVH(1935,139)	0.937137	TrueGround	40	1	0.975609756097561	5617515	0.0	542.6006553173065
ptsVH(1941,139)	0.937137	TrueGround	41	1	0.9761904761904762	5617512	0.0	630.2240960597992
ptsVH(1943,139)	0.937137	TrueGround	42	1	0.9767441860465116	5617255	0.0	614.0009772777557
ptsVH(1571,139)	0.935851	TrueGround	43	1	0.9772727272727273	5617234	0.0	567.0365750789642
ptsVH(1572,139)	0.943646	TrueGround	44	1	0.9777777777777777	5617273	0.0	535.6756567955017
ptsVH(241,139)	0.86376	TrueGround	45	1	0.9782608695652174	5617314	0.0	510.1666958332062
ptsVH(242,139)	0.938277	TrueGround	46	1	0.9787234042553191	5617315	0.0	567.1894490718842
ptsVH(1693,112)	0.825248	TrueGround	47	1	0.9791666666666666	5617311	0.0	560.971307516098
ptsVH(1694,112)	0.938277	TrueGround	48	1	0.9795918367346939	5618475	0.0	635.5411400794983
ptsVH(1950,139)	0.808904	TrueGround	49	1	0.98	5618476	0.0	534.6239006519318
ptsVH(1947,140)	0.862957	TrueGround	50	1	0.9803921568627451	5618567	0.0	528.3592734336853
ptsVH(1948,140)	0.938277	TrueGround	51	1	0.9807692307692307	5618569	0.0	566.0961668491364
ptsVH(1896,127)	0.776567	TrueGround	52	1	0.9811320754716981	5618566	0.0	576.1930239200592
ptsVH(1890,132)	0.877342	TrueGround	53	1	0.9814814814814815	5618789	0.0	551.8702163696289
ptsVH(1891,132)	0.938277	TrueGround	54	1	0.9818181818181818	5619083	0.0	518.3699178695679
ptsVH(1892,132)	0.938277	TrueGround	55	1	0.9821428571428571	5619084	0.0	575.4335927963257
ptsVH(1893,133)	0.896156	TrueGround	56	1	0.9824561403508771	5619082	0.0	552.7898540496826
ptsVH(1894,133)	0.938277	TrueGround	57	1	0.9827586206896551	5619082	0.0	575.9709961414337
ptsVH(1895,133)	0.938277	TrueGround	58	1	0.9830508474576272	5619080	0.0	568.6818954944611
ptsVH(1897,134)	0.896156	TrueGround	59	1	0.9833333333333333	5619081	0.0	534.4948010444641
ptsVH(1898,134)	0.938277	TrueGround	60	1	0.9836065573770492	5619079	0.0	563.3519113063812
ptsVH(1902,135)	0.896156	TrueGround	61	1	0.9838709677419355	5619081	0.0	537.9051854610443
ptsVH(1903,135)	0.938277	TrueGround	62	1	0.9841269841269841	5619318	0.0	539.5231215953827
ptsVH(891,1)	0.766638	TrueGround	63	1	0.984375	5619318	0.0	554.8660440444946
ptsVH(898,86)	0.866607	TrueGround	64	1	0.9846153846153847	5618914	0.0	545.2433545589447
ptsVH(899,86)	0.938277	TrueGround	65	1	0.9848484848484849	5618910	0.0	546.7606902122498
ptsVH(1912,112)	0.765495	FalseGround	65	2	0.9701492537313433	5618913	0.0	544.3984725475311
ptsVH(258,135)	0.765487	FalseGround	65	3	0.9558823529411765	5612843	0.0	535.7349359989166
ptsVH(1910,27)	0.765443	FalseGround	65	4	0.9420289855072463	5608440	0.0	544.4508709907532
ptsVH(1913,28)	0.765226	FalseGround	65	5	0.9285714285714286	5602281	0.0	558.8265526294708
ptsVH(1909,5)	0.757799	FalseGround	65	6	0.9154929577464789	5596020	0.0	626.8480923175812
ptsVH(1697,112)	0.765334	TrueGround	66	6	0.9166666666666666	5579565	0.0	674.1787400245667
ptsVH(266,112)	0.926824	FalseGround	66	7	0.9041095890410958	5580058	0.0	651.8519942760468
ptsVH(274,112)	0.926719	FalseGround	66	8	0.8918918918918919	5568496	0.0	640.6259980201721
ptsVH(1696,112)	0.911977	TrueGround	67	8	0.8933333333333333	5557557	0.0	708.8748757839203
ptsVH(255,112)	0.905971	FalseGround	67	9	0.881578947368421	5557602	0.0	617.6539194583893
ptsVH(1922,112)	0.864112	FalseGround	67	10	0.8701298701298701	5538989	0.0	593.3527045249939
ptsVH(1885,112)	0.836138	FalseGround	67	11	0.8589743589743589	5539972	0.0	780.6801674365997
ptsVH(352,112)	0.802333	FalseGround	67	12	0.8481012658227848	5531725	0.0	2784.81316614151
ptsVH(1932,139)	0.740963	TrueGround	68	12	0.85	5577841	0.014031	4173.122264623642
ptsVH(1929,139)	0.787953	TrueGround	69	12	0.8518518518518519	5577291	0.0110969	4171.245495796204
ptsVH(1931,138)	0.866607	TrueGround	70	12	0.8536585365853658	5577126	0.0239345	4255.253888607025
ptsVH(1681,139)	0.787953	TrueGround	71	12	0.8554216867469879	5577368	0.0234861	4223.120300531387
ptsVH(1856,139)	0.768724	TrueGround	72	12	0.8571428571428571	5577488	0.00889137	4144.659635305405
ptsVH(1858,128)	0.884441	TrueGround	73	12	0.8588235294117647	5576529	0.0065177	4132.28945851326
ptsVH(1859,128)	0.938277	TrueGround	74	12	0.8604651162790697	5550905	0.0115914	4176.228215932846
ptsVH(1862,112)	0.848911	FalseGround	74	13	0.8505747126436781	5542412	0.0497382	4326.562928438187
ptsVH(1699,139)	0.742479	TrueGround	75	13	0.8522727272727273	5573386	0.029872	4226.712655067444
ptsVH(1702,113)	0.868102	TrueGround	76	13	0.8539325842696629	5575111	0.010787	4178.327257394791
ptsVH(1703,113)	0.938277	TrueGround	77	13	0.8555555555555555	5574847	0.0234828	4203.627647161484
ptsVH(1704,113)	0.938277	TrueGround	78	13	0.8571428571428571	5574986	0.00633638	4164.462143421173
ptsVH(1705,114)	0.896156	TrueGround	79	13	0.8586956521739131	5575111	0.00917489	4140.2291514873505
ptsVH(1706,114)	0.938277	TrueGround	80	13	0.8602150537634409	5575116	0.00155607	4126.113913059235
ptsVH(1877,139)	0.68228	TrueGround	81	13	0.8617021276595744	5574749	0.0196025	4211.834541559219
ptsVH(1879,131)	0.699286	TrueGround	82	13	0.8631578947368421	5573898	0.0189036	4216.667159795761
ptsVH(1880,131)	0.938277	TrueGround	83	13	0.8645833333333334	5575046	0.00546273	4163.853987693787
ptsVH(1867,129)	0.661809	TrueGround	84	13	0.865979381443299	5575033	0.0124848	4155.396364450455
ptsVH(1868,129)	0.938277	TrueGround	85	13	0.8673469387755102	5575040	0.0245576	4207.966951370239
ptsVH(1927,137)	0.661809	TrueGround	86	13	0.8686868686868687	5575037	0.0	3743.26855802536
ptsVH(1928,137)	0.938277	TrueGround	87	13	0.87	5573966	0.0290049	4260.685965299606
ptsVH(417,48)	0.64568	TrueGround	88	13	0.8712871287128713	5575038	0.00322423	4162.10734462738
ptsVH(418,48)	0.938277	TrueGround	89	13	0.8725490196078431	5573457	0.0310027	4295.027548789978
ptsVH(494,112)	0.626468	FalseGround	89	14	0.8640776699029126	5573015	0.0181981	4238.985091686249
ptsVH(1933,139)	0.602782	TrueGround	90	14	0.8653846153846154	5559639	0.01502	4209.5520832538605
ptsVH(1930,139)	0.938712	TrueGround	91	14	0.8666666666666667	5559640	0.00174728	4161.886905908585
ptsVH(1682,139)	0.938712	TrueGround	92	14	0.8679245283018868	5559521	0.0309994	4268.989867925644
ptsVH(1621,112)	0.601966	FalseGround	92	15	0.8598130841121495	5559642	0.0108266	4162.024530887604
ptsVH(1597,7)	0.586608	TrueGround	93	15	0.8611111111111112	5555382	0.00597373	4148.777211666107
ptsVH(1602,108)	0.820792	TrueGround	94	15	0.8623853211009175	5555031	0.00898038	4173.3671243190765
ptsVH(1603,108)	0.938277	TrueGround	95	15	0.8636363636363636	5554992	0.00384402	4270.916943073273
ptsVH(1696,8)	0.51258	FalseGround	95	16	0.8558558558558559	5555007	0.00468799	4202.855115175247
ptsVH(1696,131)	0.502169	FalseGround	95	17	0.8482142857142857	5547483	0.00282862	4194.893858194351
ptsVH(512,60)	0.48031	TrueGround	96	17	0.8495575221238938	5542970	0.00186267	4225.831841945648
ptsVH(513,60)	0.915855	TrueGround	97	17	0.8508771929824561	5487520	0.0606835	4622.251975536346
ptsVH(511,60)	0.905547	TrueGround	98	17	0.8521739130434782	5479020	0.0705771	4537.4212164878845
ptsVH(514,60)	0.937137	TrueGround	99	17	0.853448275862069	5478608	0.0668352	4565.498065948486
ptsVH(1605,60)	0.926946	TrueGround	100	17	0.8547008547008547	5478147	0.0597934	4519.224700450897
ptsVH(1697,128)	0.436647	FalseGround	100	18	0.847457627118644	5479408	0.0564373	4504.028272867203
ptsVH(404,46)	0.455531	TrueGround	101	18	0.8487394957983193	5477122	0.0525537	4526.894256830215
ptsVH(405,46)	0.938277	TrueGround	102	18	0.85	5478791	0.0623978	4521.652225971222
ptsVH(436,51)	0.661809	TrueGround	103	18	0.8512396694214877	5480134	0.0585241	4518.778879880905
ptsVH(437,51)	0.938277	TrueGround	104	18	0.8524590163934426	5478008	0.0614121	4480.3600397109985
ptsVH(438,51)	0.938277	TrueGround	105	18	0.8536585365853658	5479171	0.05799	4389.429695367813
ptsVH(439,51)	0.938277	TrueGround	106	18	0.8548387096774194	5479137	0.0623549	4444.818857908249
ptsVH(440,51)	0.938277	TrueGround	107	18	0.856	5478336	0.0595131	4425.121757030487
ptsVH(443,51)	0.796267	TrueGround	108	18	0.8571428571428571	5482049	0.0619231	4425.991204738617
ptsVH(444,52)	0.895373	TrueGround	109	18	0.8582677165354331	5479743	0.0608714	4423.474071264267
ptsVH(445,52)	0.938277	TrueGround	110	18	0.859375	5480175	0.0635022	4432.766843080521
ptsVH(446,52)	0.938277	TrueGround	111	18	0.8604651162790697	5480474	0.0590153	4433.027714252472
ptsVH(449,52)	0.764181	TrueGround	112	18	0.8615384615384616	5481380	0.0589955	4414.415098905563
ptsVH(452,52)	0.826477	TrueGround	113	18	0.8625954198473282	5479051	0.0624308	4443.095630645752
ptsVH(455,52)	0.826466	TrueGround	114	18	0.8636363636363636	5479867	0.0592659	4461.431117773056
ptsVH(459,52)	0.826464	TrueGround	115	18	0.8646616541353384	5477476	0.0586197	4519.6790409088135
ptsVH(462,52)	0.726431	TrueGround	116	18	0.8656716417910447	5480686	0.0553658	4534.448396205902
ptsVH(465,52)	0.726431	TrueGround	117	18	0.8666666666666667	5478975	0.0604329	4587.373041629791
ptsVH(466,52)	0.726431	TrueGround	118	18	0.8676470588235294	5477937	0.0586922	4585.7745888233185
ptsVH(468,52)	0.726431	TrueGround	119	18	0.8686131386861314	5479690	0.055801	5018.35474896431
ptsVH(1696,46)	0.612711	FalseGround	119	19	0.8623188405797102	5480282	0.0594307	4952.847206830978
ptsVH(1696,136)	0.430256	FalseGround	119	20	0.8561151079136691	5470848	0.0667264	4923.034689903259
ptsVH(1721,139)	0.429362	TrueGround	120	20	0.8571428571428571	5466200	0.0662946	4776.977763414383
ptsVH(1722,139)	0.938277	TrueGround	121	20	0.8581560283687943	5462917	0.0574131	4684.579829454422
ptsVH(1717,116)	0.877311	TrueGround	122	20	0.8591549295774648	5462671	0.0573834	4734.547272205353
ptsVH(1718,116)	0.938277	TrueGround	123	20	0.8601398601398601	5462349	0.0571296	4752.639134883881
ptsVH(1719,117)	0.896156	TrueGround	124	20	0.8611111111111112	5462666	0.0578681	4691.3249168396
ptsVH(1720,117)	0.938277	TrueGround	125	20	0.8620689655172413	5462575	0.0635154	4634.751771211624
ptsVH(344,37)	0.608439	TrueGround	126	20	0.863013698630137	5463463	0.0565955	4667.504585266113
ptsVH(345,37)	0.938277	TrueGround	127	20	0.8639455782312925	5460853	0.0	737.1953661441803
ptsVH(354,37)	0.938277	TrueGround	128	20	0.8648648648648649	5460852	0.0	803.114827632904
ptsVH(356,37)	0.938277	TrueGround	129	20	0.8657718120805369	5460857	0.0	716.348705291748
ptsVH(332,34)	0.896156	TrueGround	130	20	0.8666666666666667	5460851	0.0	780.1117424964905
ptsVH(333,34)	0.938277	TrueGround	131	20	0.8675496688741722	5460852	0.0	822.9727988243103
ptsVH(334,34)	0.938277	TrueGround	132	20	0.868421052631579	5460854	0.0	805.7910034656525
ptsVH(356,34)	0.95244	TrueGround	133	20	0.869281045751634	5460853	0.0	795.8432829380035
ptsVH(335,35)	0.896156	TrueGround	134	20	0.8701298701298701	5460854	0.0	718.5260229110718
ptsVH(336,35)	0.938277	TrueGround	135	20	0.8709677419354839	5460852	0.0	653.6004977226257
ptsVH(343,35)	0.938277	TrueGround	136	20	0.8717948717948718	5460850	0.0	758.9982762336731
ptsVH(356,35)	0.95244	TrueGround	137	20	0.8726114649681529	5460852	0.0	759.9361908435822
ptsVH(360,40)	0.896156	TrueGround	138	20	0.8734177215189873	5460852	0.0	761.6194486618042
ptsVH(361,40)	0.938277	TrueGround	139	20	0.8742138364779874	5460855	0.0	802.3859815597534
ptsVH(362,40)	0.938277	TrueGround	140	20	0.875	5460852	0.0	640.0503816604614
ptsVH(1767,40)	0.938712	TrueGround	141	20	0.8757763975155279	5460854	0.0	656.609219789505
ptsVH(365,41)	0.896156	TrueGround	142	20	0.8765432098765432	5460850	0.0	675.0037412643433
ptsVH(366,41)	0.938277	TrueGround	143	20	0.8773006134969326	5460846	0.0	714.483903169632
ptsVH(357,39)	0.896148	TrueGround	144	20	0.8780487804878049	5460847	0.0	647.0207679271698
ptsVH(359,39)	0.938277	TrueGround	145	20	0.8787878787878788	5460834	0.0	699.7486248016357
ptsVH(1768,39)	0.938712	TrueGround	146	20	0.8795180722891566	5460836	0.0	778.1543962955475
ptsVH(358,39)	0.938273	TrueGround	147	20	0.8802395209580839	5460838	0.0	712.4561095237732
ptsVH(1769,121)	0.877342	TrueGround	148	20	0.8809523809523809	5460830	0.0	797.634037733078
ptsVH(1770,121)	0.938277	TrueGround	149	20	0.8816568047337278	5460828	0.0	742.4491763114929
ptsVH(1771,121)	0.938277	TrueGround	150	20	0.8823529411764706	5460826	0.0	815.5073480606079
ptsVH(337,36)	0.842515	TrueGround	151	20	0.8830409356725146	5460829	0.0	760.1779470443726
ptsVH(338,36)	0.938277	TrueGround	152	20	0.8837209302325582	5461010	0.0	767.9856538772583
ptsVH(1754,40)	0.796267	TrueGround	153	20	0.884393063583815	5461007	0.0	750.3998782634735
