Tuple	Confidence	Ground	NumTrue	NumFalse	Fraction	InversionCount	YetToConvergeFraction	Time(s)
ptsVH(34497,1)	0.877303	TrueGround	1	0	1.0	23827195	0.0	464.92059898376465
ptsVH(34498,1)	0.938277	TrueGround	2	0	1.0	23641121	0.0	531.5897142887115
ptsVH(34499,1)	0.938277	TrueGround	3	0	1.0	23740191	0.0	435.6065535545349
ptsVH(34500,2)	0.896156	TrueGround	4	0	1.0	23640438	0.0	472.82084345817566
ptsVH(34501,2)	0.938277	TrueGround	5	0	1.0	23660663	0.0	481.79116463661194
ptsVH(34502,2)	0.938277	TrueGround	6	0	1.0	23602485	0.0	505.8577358722687
ptsVH(34505,3)	0.896156	TrueGround	7	0	1.0	23601554	0.0	516.9780547618866
ptsVH(34506,3)	0.938277	TrueGround	8	0	1.0	23585313	0.0	514.82506275177
ptsVH(34507,3)	0.938277	TrueGround	9	0	1.0	23657824	0.0	527.900377035141
ptsVH(34509,4)	0.896156	TrueGround	10	0	1.0	23569761	0.0	421.1160671710968
ptsVH(34510,4)	0.938277	TrueGround	11	0	1.0	23522908	0.0	469.3192687034607
ptsVH(34511,4)	0.938277	TrueGround	12	0	1.0	23485980	0.0	485.3194453716278
ptsVH(31892,2891)	0.833335	TrueGround	13	0	1.0	23457685	0.0	474.40514969825745
ptsVH(31893,2891)	0.938277	TrueGround	14	0	1.0	23446877	0.0	497.39858508110046
ptsVH(31857,2887)	0.779856	TrueGround	15	0	1.0	23486038	0.0	533.3256638050079
ptsVH(31858,2887)	0.938277	TrueGround	16	0	1.0	23759915	0.0	504.03073048591614
ptsVH(34525,3066)	0.724074	TrueGround	17	0	1.0	23757851	0.0	503.2740306854248
ptsVH(34526,3066)	0.938277	TrueGround	18	0	1.0	23057067	0.0	492.6874279975891
ptsVH(34528,3066)	0.938277	TrueGround	19	0	1.0	23004067	0.0	484.5874755382538
ptsVH(34529,3067)	0.896156	TrueGround	20	0	1.0	23002020	0.0	484.9286162853241
ptsVH(34530,3067)	0.938277	TrueGround	21	0	1.0	22997681	0.0	491.42400074005127
ptsVH(34531,3067)	0.938277	TrueGround	22	0	1.0	23000313	0.0	493.1575720310211
ptsVH(34533,3068)	0.896156	TrueGround	23	0	1.0	22963153	0.0	534.2724251747131
ptsVH(34534,3068)	0.938277	TrueGround	24	0	1.0	22991601	0.0	509.90794801712036
ptsVH(34536,3068)	0.938277	TrueGround	25	0	1.0	22989054	0.0	523.2494993209839
ptsVH(30796,3067)	0.867687	TrueGround	26	0	1.0	22996228	0.0	520.1527049541473
ptsVH(30796,3068)	0.889297	TrueGround	27	0	1.0	22963150	0.0	545.1375217437744
ptsVH(31189,2845)	0.790517	TrueGround	28	0	1.0	22998794	0.0	495.770103931427
ptsVH(31190,2845)	0.938277	TrueGround	29	0	1.0	22978946	0.0	530.422690153122
ptsVH(31192,2846)	0.896156	TrueGround	30	0	1.0	22980883	0.0	482.3079483509064
ptsVH(31193,2846)	0.938277	TrueGround	31	0	1.0	22979221	0.0	529.0733518600464
ptsVH(31195,2847)	0.896156	TrueGround	32	0	1.0	22969160	0.0	506.76263976097107
ptsVH(31196,2847)	0.938277	TrueGround	33	0	1.0	22993609	0.0	505.06762504577637
ptsVH(31198,2848)	0.896156	TrueGround	34	0	1.0	22957436	0.0	546.0720884799957
ptsVH(31199,2848)	0.938277	TrueGround	35	0	1.0	22966715	0.0	473.72880721092224
ptsVH(34532,2848)	0.905547	TrueGround	36	0	1.0	22958055	0.0	533.4126660823822
ptsVH(31201,2849)	0.896156	TrueGround	37	0	1.0	22990781	0.0	484.447181224823
ptsVH(31202,2849)	0.938277	TrueGround	38	0	1.0	22977335	0.0	474.1001579761505
ptsVH(31204,2845)	0.824565	TrueGround	39	0	1.0	22976314	0.0	509.28126549720764
ptsVH(31204,2846)	0.837105	TrueGround	40	0	1.0	22997281	0.0	484.5234417915344
ptsVH(31204,2847)	0.837094	TrueGround	41	0	1.0	22953298	0.0	557.4448754787445
ptsVH(31204,2848)	0.837092	TrueGround	42	0	1.0	23004408	0.0	493.8517818450928
ptsVH(31204,2849)	0.837091	TrueGround	43	0	1.0	22946894	0.0	542.5791058540344
ptsVH(30803,2849)	0.740946	TrueGround	44	0	1.0	22989317	0.0	481.81569838523865
ptsVH(30799,2814)	0.877365	TrueGround	45	0	1.0	23490917	0.0	460.56555247306824
ptsVH(30800,2814)	0.938277	TrueGround	46	0	1.0	23534500	0.0	484.71005749702454
ptsVH(30833,2814)	0.905547	TrueGround	47	0	1.0	23520939	0.0	510.2224431037903
ptsVH(30801,2815)	0.896156	TrueGround	48	0	1.0	23477760	0.0	558.3103861808777
ptsVH(30802,2815)	0.938277	TrueGround	49	0	1.0	23471081	0.0	497.5674455165863
ptsVH(30814,2816)	0.896156	TrueGround	50	0	1.0	23480747	0.0	414.5593469142914
ptsVH(30815,2816)	0.938277	TrueGround	51	0	1.0	23466298	0.0	462.30155897140503
ptsVH(30816,2816)	0.938277	TrueGround	52	0	1.0	23489129	0.0	437.36133313179016
ptsVH(30817,2817)	0.896156	TrueGround	53	0	1.0	23484273	0.0	497.2740695476532
ptsVH(30818,2817)	0.938277	TrueGround	54	0	1.0	23477466	0.0	521.1425333023071
ptsVH(30825,2818)	0.896156	TrueGround	55	0	1.0	23499476	0.0	437.3936913013458
ptsVH(30826,2818)	0.938277	TrueGround	56	0	1.0	23479826	0.0	521.4832293987274
ptsVH(30754,2814)	0.874269	TrueGround	57	0	1.0	23489945	0.0	485.5526168346405
ptsVH(30755,2814)	0.937137	TrueGround	58	0	1.0	23476654	0.0	498.0339386463165
ptsVH(31942,2816)	0.79628	TrueGround	59	0	1.0	23470697	0.0	449.43717885017395
ptsVH(31943,2814)	0.938712	TrueGround	60	0	1.0	24561665	0.0	509.65888381004333
ptsVH(31950,2895)	0.877342	TrueGround	61	0	1.0	24559076	0.0	498.0438566207886
ptsVH(31951,2895)	0.938277	TrueGround	62	0	1.0	25313378	0.0	509.78063106536865
ptsVH(31952,2895)	0.938277	TrueGround	63	0	1.0	25315227	0.0	505.836473941803
ptsVH(31973,2895)	0.938277	TrueGround	64	0	1.0	25424930	0.0	555.9680333137512
ptsVH(31953,2896)	0.896156	TrueGround	65	0	1.0	25549513	0.0	591.7823989391327
ptsVH(31954,2896)	0.938277	TrueGround	66	0	1.0	25850068	0.0	567.0293481349945
ptsVH(31955,2896)	0.938277	TrueGround	67	0	1.0	25849151	0.0	534.0348997116089
ptsVH(31973,2896)	0.95244	TrueGround	68	0	1.0	25936172	0.0	629.7733516693115
ptsVH(31956,2897)	0.896156	TrueGround	69	0	1.0	26035076	0.0	534.356424331665
ptsVH(31957,2897)	0.938277	TrueGround	70	0	1.0	26045074	0.0	593.8686246871948
ptsVH(31974,2898)	0.896156	TrueGround	71	0	1.0	26045404	0.0	613.4732766151428
ptsVH(31975,2898)	0.938277	TrueGround	72	0	1.0	26051203	0.0	610.44597864151
ptsVH(32586,2946)	0.831225	TrueGround	73	0	1.0	26048552	0.0	523.5994403362274
ptsVH(32587,2946)	0.938277	TrueGround	74	0	1.0	26043974	0.0	535.7090969085693
ptsVH(30907,2814)	0.776567	TrueGround	75	0	1.0	26050349	0.0	595.8889980316162
ptsVH(30913,2814)	0.776567	TrueGround	76	0	1.0	25791267	0.0	540.2084107398987
ptsVH(31980,2817)	0.764155	FalseGround	76	1	0.987012987012987	25762249	0.0	625.8115291595459
ptsVH(31960,2818)	0.727378	FalseGround	76	2	0.9743589743589743	25724029	0.0	637.4618716239929
ptsVH(30959,3067)	0.695563	TrueGround	77	2	0.9746835443037974	25655291	0.0	994.4281759262085
ptsVH(30960,3066)	0.938712	TrueGround	78	2	0.975	25639955	0.0	1102.97043967247
ptsVH(31568,3067)	0.80748	TrueGround	79	2	0.9753086419753086	25639936	0.0	1088.7827217578888
ptsVH(31572,3067)	0.938277	TrueGround	80	2	0.975609756097561	25639669	0.0	1112.7633912563324
ptsVH(30962,3067)	0.901198	TrueGround	81	2	0.9759036144578314	25639627	0.0	1028.0149266719818
ptsVH(30963,3066)	0.938712	TrueGround	82	2	0.9761904761904762	25643821	0.0	957.4838528633118
ptsVH(30967,2822)	0.866607	TrueGround	83	2	0.9764705882352941	25643922	0.0	1064.9752931594849
ptsVH(30968,2822)	0.938277	TrueGround	84	2	0.9767441860465116	25643782	0.0	741.0629560947418
ptsVH(30970,2823)	0.896156	TrueGround	85	2	0.9770114942528736	25643818	0.0	982.6227371692657
ptsVH(30971,2823)	0.938277	TrueGround	86	2	0.9772727272727273	25643641	0.0	1019.1131689548492
ptsVH(31570,2874)	0.866607	TrueGround	87	2	0.9775280898876404	25643781	0.0	1055.6803483963013
ptsVH(31571,2874)	0.938277	TrueGround	88	2	0.9777777777777777	25639940	0.0	693.5840864181519
ptsVH(31569,2822)	0.854616	TrueGround	89	2	0.978021978021978	25639593	0.0	1115.6328465938568
ptsVH(31569,2823)	0.85281	TrueGround	90	2	0.9782608695652174	25639571	0.0	1091.1951651573181
ptsVH(31562,3067)	0.750054	TrueGround	91	2	0.978494623655914	25639660	0.0	1067.1736509799957
ptsVH(30744,3067)	0.742479	TrueGround	92	2	0.9787234042553191	25637370	0.0	1018.8565273284912
ptsVH(30745,2848)	0.938712	TrueGround	93	2	0.9789473684210527	25637345	0.0	1162.8294262886047
ptsVH(30982,3067)	0.742479	TrueGround	94	2	0.9791666666666666	25637355	0.0	1044.1259577274323
ptsVH(30983,3067)	0.742479	TrueGround	95	2	0.979381443298969	25637287	0.0	1066.4963836669922
ptsVH(30985,2826)	0.866607	TrueGround	96	2	0.9795918367346939	25646147	0.0	1173.5466556549072
ptsVH(30986,2826)	0.938277	TrueGround	97	2	0.9797979797979798	25655265	0.0	1173.8438501358032
ptsVH(30991,2826)	0.763269	TrueGround	98	2	0.98	25655180	0.0	930.6325395107269
ptsVH(30989,2826)	0.924122	TrueGround	99	2	0.9801980198019802	25668494	0.0	980.4929971694946
ptsVH(30988,2826)	0.913713	TrueGround	100	2	0.9803921568627451	25671848	0.0	1198.717937707901
ptsVH(31926,2826)	0.828112	FalseGround	100	3	0.970873786407767	25670072	0.0	1169.6447343826294
ptsVH(31861,2826)	0.716097	FalseGround	100	4	0.9615384615384616	25587110	0.0	859.7406189441681
ptsVH(30999,3068)	0.702467	TrueGround	101	4	0.9619047619047619	25549675	0.0	752.5089390277863
ptsVH(31000,3066)	0.938712	TrueGround	102	4	0.9622641509433962	25512547	0.0	852.4067535400391
ptsVH(31530,3067)	0.787953	TrueGround	103	4	0.9626168224299065	25512607	0.0	848.2522120475769
ptsVH(31530,3068)	0.953413	TrueGround	104	4	0.9629629629629629	25508891	0.0	719.2621264457703
ptsVH(30707,3067)	0.787953	TrueGround	105	4	0.963302752293578	25509718	0.0	734.2283437252045
ptsVH(30707,3068)	0.953413	TrueGround	106	4	0.9636363636363636	25511210	0.0	854.1560046672821
ptsVH(30708,2810)	0.895182	TrueGround	107	4	0.963963963963964	25509822	0.0	745.9565589427948
ptsVH(30709,2810)	0.938277	TrueGround	108	4	0.9642857142857143	25510552	0.0	789.4602630138397
ptsVH(31573,2810)	0.877084	TrueGround	109	4	0.9646017699115044	25510713	0.0	906.5687556266785
ptsVH(31020,3068)	0.754139	TrueGround	110	4	0.9649122807017544	25510022	0.0	742.812207698822
ptsVH(31022,2829)	0.866607	TrueGround	111	4	0.9652173913043478	25502534	0.0	789.9601306915283
ptsVH(31023,2829)	0.938277	TrueGround	112	4	0.9655172413793104	25503517	0.0	884.2444274425507
ptsVH(32369,2810)	0.784613	TrueGround	113	4	0.9658119658119658	25503566	0.0	864.8477621078491
ptsVH(32367,2874)	0.912023	TrueGround	114	4	0.9661016949152542	25500964	0.0	747.347165107727
ptsVH(32368,2822)	0.936167	TrueGround	115	4	0.9663865546218487	25501776	0.0	753.2243657112122
ptsVH(32368,2823)	0.968977	TrueGround	116	4	0.9666666666666667	25502329	0.0	870.4275417327881
ptsVH(32373,2810)	0.793793	TrueGround	117	4	0.9669421487603306	25502050	0.0	852.6068644523621
ptsVH(32372,2874)	0.903203	TrueGround	118	4	0.9672131147540983	25501937	0.0	865.1649322509766
ptsVH(32374,2930)	0.893105	TrueGround	119	4	0.967479674796748	25501439	0.0	867.282158613205
ptsVH(32375,2930)	0.938277	TrueGround	120	4	0.967741935483871	25502150	0.0	806.0270757675171
ptsVH(31024,3068)	0.761107	TrueGround	121	4	0.968	25501562	0.0	770.1730678081512
ptsVH(31025,2829)	0.938712	TrueGround	122	4	0.9682539682539683	25499077	0.0	759.135354757309
ptsVH(31028,3068)	0.938277	TrueGround	123	4	0.968503937007874	25500933	0.0	811.9674224853516
ptsVH(31029,2810)	0.89349	TrueGround	124	4	0.96875	25500701	0.0	847.2320399284363
ptsVH(31026,2830)	0.876069	TrueGround	125	4	0.9689922480620154	25500693	0.0	858.8588311672211
ptsVH(31027,2830)	0.940042	TrueGround	126	4	0.9692307692307692	25496527	0.0	711.6672835350037
ptsVH(32367,2830)	0.845714	TrueGround	127	4	0.9694656488549618	25500652	0.0	841.3202087879181
ptsVH(32368,2829)	0.937889	TrueGround	128	4	0.9696969696969697	25498758	0.0	770.3442184925079
ptsVH(32372,2830)	0.891724	TrueGround	129	4	0.9699248120300752	25500391	0.0	841.5765111446381
ptsVH(31019,3068)	0.752229	TrueGround	130	4	0.9701492537313433	25500408	0.0	805.7944071292877
ptsVH(31562,3068)	0.893097	TrueGround	131	4	0.9703703703703703	25499691	0.0	782.6001975536346
ptsVH(31558,3068)	0.78684	TrueGround	132	4	0.9705882352941176	25499022	0.0	746.5817782878876
ptsVH(31559,2830)	0.877084	TrueGround	133	4	0.9708029197080292	25500027	0.0	817.8164036273956
ptsVH(31560,2830)	0.922291	TrueGround	134	4	0.9710144927536232	25499884	0.0	805.7184388637543
ptsVH(31016,3068)	0.742479	TrueGround	135	4	0.9712230215827338	25499785	0.0	818.6141881942749
ptsVH(31017,2830)	0.922291	TrueGround	136	4	0.9714285714285714	25499156	0.0	758.9387152194977
ptsVH(31018,2830)	0.922291	TrueGround	137	4	0.9716312056737588	25499255	0.0	770.7421388626099
ptsVH(31594,3067)	0.742479	TrueGround	138	4	0.971830985915493	25500124	0.0	905.9779584407806
ptsVH(31594,3068)	0.9548	TrueGround	139	4	0.972027972027972	25499859	0.0	858.2942841053009
ptsVH(31599,2830)	0.922291	TrueGround	140	4	0.9722222222222222	25499854	0.0	813.8915457725525
ptsVH(31600,2830)	0.922291	TrueGround	141	4	0.9724137931034482	25499803	0.0	837.4835016727448
ptsVH(31599,2874)	0.905365	TrueGround	142	4	0.9726027397260274	25499802	0.0	849.1869852542877
ptsVH(31600,2874)	0.95203	TrueGround	143	4	0.9727891156462585	25500000	0.0	825.988579750061
ptsVH(31595,3066)	0.877084	TrueGround	144	4	0.972972972972973	25498039	0.0	731.9641511440277
ptsVH(31596,3066)	0.922291	TrueGround	145	4	0.9731543624161074	25499304	0.0	778.4362635612488
ptsVH(32377,2830)	0.822965	TrueGround	146	4	0.9733333333333334	25499730	0.0	837.1745872497559
ptsVH(32379,2822)	0.899225	TrueGround	147	4	0.9735099337748344	25499777	0.0	849.2073886394501
ptsVH(32379,2823)	0.942375	TrueGround	148	4	0.9736842105263158	25497501	0.0	743.6556720733643
ptsVH(32379,2829)	0.953428	TrueGround	149	4	0.9738562091503268	25499844	0.0	814.032342672348
ptsVH(32377,2874)	0.920603	TrueGround	150	4	0.974025974025974	25493998	0.0	708.1750922203064
ptsVH(31888,2810)	0.695563	TrueGround	151	4	0.9741935483870968	25499672	0.0	814.1074776649475
ptsVH(33663,4)	0.695563	TrueGround	152	4	0.9743589743589743	25499546	0.0	860.8209276199341
ptsVH(33664,3)	0.938712	TrueGround	153	4	0.9745222929936306	25334657	0.0	731.4222700595856
ptsVH(33665,2991)	0.866607	TrueGround	154	4	0.9746835443037974	25334800	0.0	836.9240880012512
ptsVH(33666,2991)	0.938277	TrueGround	155	4	0.9748427672955975	25309905	0.0	755.3676769733429
ptsVH(33668,2992)	0.896156	TrueGround	156	4	0.975	25308643	0.0	883.5139925479889
ptsVH(33669,2992)	0.938277	TrueGround	157	4	0.9751552795031055	25306989	0.0	906.6392879486084
ptsVH(33671,2993)	0.896156	TrueGround	158	4	0.9753086419753086	25305713	0.0	709.9647450447083
ptsVH(33672,2993)	0.938277	TrueGround	159	4	0.9754601226993865	25306343	0.0	876.4004254341125
ptsVH(33673,2994)	0.896156	TrueGround	160	4	0.975609756097561	25306652	0.0	876.1831660270691
ptsVH(33674,2994)	0.938277	TrueGround	161	4	0.9757575757575757	25304806	0.0	742.5743455886841
ptsVH(33667,2991)	0.877084	TrueGround	162	4	0.9759036144578314	25306014	0.0	893.9152672290802
ptsVH(34545,4)	0.842246	TrueGround	163	4	0.9760479041916168	25301238	0.0	859.3094885349274
ptsVH(33785,4)	0.742479	TrueGround	164	4	0.9761904761904762	25301048	0.0	888.1412672996521
ptsVH(33791,4)	0.742479	TrueGround	165	4	0.9763313609467456	25299887	0.0	710.9675023555756
ptsVH(33803,2991)	0.922291	TrueGround	166	4	0.9764705882352941	25300458	0.0	790.8308675289154
ptsVH(33804,2994)	0.877084	TrueGround	167	4	0.9766081871345029	25301113	0.0	824.8043460845947
ptsVH(33805,2994)	0.922291	TrueGround	168	4	0.9767441860465116	25301251	0.0	831.1539404392242
ptsVH(33792,3006)	0.866607	TrueGround	169	4	0.976878612716763	25301500	0.0	918.7684600353241
ptsVH(33793,3006)	0.938277	TrueGround	170	4	0.9770114942528736	25300567	0.0	764.8749725818634
ptsVH(33795,3006)	0.938277	TrueGround	171	4	0.9771428571428571	25301476	0.0	848.0253210067749
ptsVH(33796,3007)	0.896156	TrueGround	172	4	0.9772727272727273	25301457	0.0	848.8544342517853
ptsVH(33797,3007)	0.938277	TrueGround	173	4	0.9774011299435028	25301924	0.0	860.5162973403931
ptsVH(33798,3007)	0.938277	TrueGround	174	4	0.9775280898876404	25302171	0.0	919.6920714378357
ptsVH(33873,4)	0.742479	TrueGround	175	4	0.9776536312849162	25301496	0.0	778.8557472229004
ptsVH(33886,4)	0.938277	TrueGround	176	4	0.9777777777777777	25105966	0.0	800.8597157001495
ptsVH(33874,3)	0.877084	TrueGround	177	4	0.9779005524861878	25105678	0.0	754.3118815422058
ptsVH(33877,3014)	0.866607	TrueGround	178	4	0.978021978021978	25105601	0.0	730.0196964740753
ptsVH(33878,3014)	0.938277	TrueGround	179	4	0.9781420765027322	24658800	0.0	775.5335264205933
ptsVH(33885,3014)	0.938277	TrueGround	180	4	0.9782608695652174	24599721	0.0	753.6445600986481
ptsVH(33879,3015)	0.896156	TrueGround	181	4	0.9783783783783784	24519427	0.0	788.0942735671997
ptsVH(33880,3015)	0.938277	TrueGround	182	4	0.978494623655914	24520197	0.0	882.1331701278687
ptsVH(33887,4)	0.742479	TrueGround	183	4	0.9786096256684492	24520811	0.0	882.1982462406158
ptsVH(33900,3)	0.708266	TrueGround	184	4	0.9787234042553191	24519881	0.0	777.1052918434143
ptsVH(34092,3)	0.938899	TrueGround	185	4	0.9788359788359788	24488556	0.0	882.8236608505249
ptsVH(34102,3)	0.938899	TrueGround	186	4	0.9789473684210527	24485964	0.0	707.3927738666534
ptsVH(33901,2)	0.938712	TrueGround	187	4	0.9790575916230366	24486872	0.0	718.8600301742554
ptsVH(33961,3)	0.938277	TrueGround	188	4	0.9791666666666666	24487415	0.0	777.4817233085632
ptsVH(33993,3)	0.938277	TrueGround	189	4	0.9792746113989638	24487572	0.0	812.3147032260895
ptsVH(33998,3)	0.938277	TrueGround	190	4	0.979381443298969	24487717	0.0	798.9590191841125
ptsVH(34011,3)	0.938277	TrueGround	191	4	0.9794871794871794	24488156	0.0	823.4504165649414
ptsVH(34015,3)	0.938277	TrueGround	192	4	0.9795918367346939	24488410	0.0	882.3496372699738
ptsVH(34545,3)	0.893119	TrueGround	193	4	0.9796954314720813	24488253	0.0	882.8522024154663
ptsVH(33904,3018)	0.866607	TrueGround	194	4	0.9797979797979798	24488275	0.0	882.4313054084778
ptsVH(33905,3018)	0.938277	TrueGround	195	4	0.9798994974874372	24490108	0.0	858.7749693393707
ptsVH(33912,3019)	0.896156	TrueGround	196	4	0.98	24490182	0.0	847.4420626163483
ptsVH(33913,3019)	0.938277	TrueGround	197	4	0.9800995024875622	24490483	0.0	893.6476821899414
ptsVH(33921,3020)	0.896156	TrueGround	198	4	0.9801980198019802	24489629	0.0	811.6222641468048
ptsVH(33922,3020)	0.938277	TrueGround	199	4	0.9802955665024631	24490234	0.0	812.4031593799591
ptsVH(33926,3021)	0.896156	TrueGround	200	4	0.9803921568627451	24490658	0.0	870.1895520687103
ptsVH(33927,3021)	0.938277	TrueGround	201	4	0.9804878048780488	24490710	0.0	811.9721508026123
ptsVH(33935,3022)	0.896156	TrueGround	202	4	0.9805825242718447	24490464	0.0	847.349143743515
ptsVH(33936,3022)	0.938277	TrueGround	203	4	0.9806763285024155	24489797	0.0	775.4376604557037
ptsVH(33946,3023)	0.896156	TrueGround	204	4	0.9807692307692307	24490148	0.0	787.160365819931
ptsVH(33947,3023)	0.938277	TrueGround	205	4	0.9808612440191388	24491241	0.0	828.8335173130035
ptsVH(33957,3024)	0.896156	TrueGround	206	4	0.9809523809523809	24490152	0.0	758.2764358520508
ptsVH(33958,3024)	0.938277	TrueGround	207	4	0.981042654028436	24489058	0.0	723.0644292831421
ptsVH(33959,3025)	0.896156	TrueGround	208	4	0.9811320754716981	24490883	0.0	769.7341175079346
ptsVH(33960,3025)	0.938277	TrueGround	209	4	0.9812206572769953	24489707	0.0	747.0382208824158
ptsVH(33970,3026)	0.896156	TrueGround	210	4	0.9813084112149533	24489801	0.0	755.2413241863251
ptsVH(33971,3026)	0.938277	TrueGround	211	4	0.9813953488372092	24491063	0.0	813.2582197189331
ptsVH(33976,3027)	0.896156	TrueGround	212	4	0.9814814814814815	24490659	0.0	754.5044355392456
ptsVH(33977,3027)	0.938277	TrueGround	213	4	0.9815668202764977	24490349	0.0	742.7440042495728
ptsVH(34005,3028)	0.896156	TrueGround	214	4	0.981651376146789	24491694	0.0	825.4017379283905
ptsVH(34006,3028)	0.938277	TrueGround	215	4	0.9817351598173516	24490875	0.0	803.1737554073334
ptsVH(33909,3018)	0.877084	TrueGround	216	4	0.9818181818181818	24490446	0.0	768.8632452487946
ptsVH(33910,3018)	0.922291	TrueGround	217	4	0.9819004524886877	24491378	0.0	803.9805014133453
ptsVH(33916,3018)	0.922291	TrueGround	218	4	0.9819819819819819	24489796	0.0	746.9076302051544
ptsVH(33924,3018)	0.922291	TrueGround	219	4	0.9820627802690582	24491416	0.0	849.936371088028
ptsVH(33930,3018)	0.922291	TrueGround	220	4	0.9821428571428571	24490052	0.0	746.1365191936493
ptsVH(33950,3018)	0.922291	TrueGround	221	4	0.9822222222222222	24490643	0.0	757.4111742973328
ptsVH(33962,3018)	0.922291	TrueGround	222	4	0.9823008849557522	24490905	0.0	803.6598064899445
ptsVH(33909,3020)	0.920659	TrueGround	223	4	0.9823788546255506	24491081	0.0	815.3328223228455
ptsVH(33910,3020)	0.968113	TrueGround	224	4	0.9824561403508771	24490391	0.0	772.1628475189209
ptsVH(33916,3020)	0.968113	TrueGround	225	4	0.982532751091703	24490270	0.0	751.877051115036
ptsVH(33924,3020)	0.968113	TrueGround	226	4	0.9826086956521739	24490547	0.0	774.8889214992523
ptsVH(33930,3020)	0.968113	TrueGround	227	4	0.9826839826839827	24491260	0.0	822.1276512145996
ptsVH(33950,3020)	0.968113	TrueGround	228	4	0.9827586206896551	24491431	0.0	857.1222445964813
ptsVH(33962,3020)	0.968113	TrueGround	229	4	0.9828326180257511	24491624	0.0	844.3263530731201
ptsVH(33909,3022)	0.920659	TrueGround	230	4	0.9829059829059829	24491327	0.0	853.0800449848175
ptsVH(33910,3022)	0.968113	TrueGround	231	4	0.9829787234042553	24489754	0.0	712.4679870605469
ptsVH(33916,3022)	0.968113	TrueGround	232	4	0.9830508474576272	24490400	0.0	759.3061904907227
ptsVH(33924,3022)	0.968113	TrueGround	233	4	0.9831223628691983	24491235	0.0	793.810439825058
ptsVH(33930,3022)	0.968113	TrueGround	234	4	0.9831932773109243	24490345	0.0	722.0381398200989
ptsVH(33950,3022)	0.968113	TrueGround	235	4	0.9832635983263598	24490357	0.0	770.6572029590607
ptsVH(33962,3022)	0.968113	TrueGround	236	4	0.9833333333333333	24490991	0.0	792.959929227829
ptsVH(34094,3030)	0.866607	TrueGround	237	4	0.983402489626556	24490696	0.0	735.8732354640961
ptsVH(34095,3030)	0.938277	TrueGround	238	4	0.9834710743801653	24490728	0.0	712.2876236438751
ptsVH(34096,3030)	0.938277	TrueGround	239	4	0.9835390946502057	24491796	0.0	839.5706112384796
ptsVH(34097,3031)	0.896156	TrueGround	240	4	0.9836065573770492	24490256	0.0	712.4478416442871
ptsVH(34098,3031)	0.938277	TrueGround	241	4	0.9836734693877551	24491424	0.0	804.5583870410919
ptsVH(34100,3031)	0.938277	TrueGround	242	4	0.983739837398374	24490130	0.0	735.1408843994141
ptsVH(34105,3032)	0.866607	TrueGround	243	4	0.9838056680161943	24491230	0.0	838.8881685733795
ptsVH(34106,3032)	0.938277	TrueGround	244	4	0.9838709677419355	24491705	0.0	816.676882982254
ptsVH(34113,3033)	0.896156	TrueGround	245	4	0.9839357429718876	24491444	0.0	776.166862487793
ptsVH(34114,3033)	0.938277	TrueGround	246	4	0.984	24490844	0.0	739.6373693943024
ptsVH(34115,3033)	0.938277	TrueGround	247	4	0.9840637450199203	24491052	0.0	775.5370578765869
ptsVH(34116,3034)	0.896156	TrueGround	248	4	0.9841269841269841	24490969	0.0	771.1324760913849
ptsVH(34117,3034)	0.938277	TrueGround	249	4	0.9841897233201581	24491782	0.0	853.9791419506073
ptsVH(34119,3034)	0.938277	TrueGround	250	4	0.984251968503937	24491048	0.0	819.5309126377106
ptsVH(33994,3033)	0.862268	TrueGround	251	4	0.984313725490196	24490522	0.0	757.5826258659363
ptsVH(34012,3030)	0.862268	TrueGround	252	4	0.984375	24492006	0.0	858.8045482635498
ptsVH(33999,3033)	0.854277	TrueGround	253	4	0.9844357976653697	24491657	0.0	803.6811721324921
ptsVH(34016,3030)	0.854277	TrueGround	254	4	0.9844961240310077	24489942	0.0	737.7563836574554
ptsVH(33955,3015)	0.765486	FalseGround	254	5	0.9806949806949807	24491549	0.0	844.9895358085632
ptsVH(34111,3019)	0.765408	FalseGround	254	6	0.9769230769230769	24485494	0.0	837.7710289955139
ptsVH(33967,3021)	0.764333	FalseGround	254	7	0.9731800766283525	24480344	0.0	845.708612203598
ptsVH(33954,3032)	0.756279	FalseGround	254	8	0.9694656488549618	24474862	0.0	956.2935416698456
ptsVH(34109,3032)	0.743027	TrueGround	255	8	0.9695817490494296	24467905	0.0	1552.0433230400085
ptsVH(34108,3032)	0.912897	TrueGround	256	8	0.9696969696969697	24467970	0.0	980.0604829788208
ptsVH(33974,3032)	0.843209	FalseGround	256	9	0.9660377358490566	24467326	0.0	827.1831815242767
ptsVH(34111,3032)	0.843099	TrueGround	257	9	0.9661654135338346	24458714	0.0	910.0369446277618
ptsVH(34066,3)	0.742479	TrueGround	258	9	0.9662921348314607	24458079	0.0	838.5269339084625
ptsVH(34067,3)	0.742479	TrueGround	259	9	0.9664179104477612	24457711	0.0	861.2578599452972
ptsVH(34068,3028)	0.877084	TrueGround	260	9	0.966542750929368	24457694	0.0	832.5655524730682
ptsVH(33670,3028)	0.926946	TrueGround	261	9	0.9666666666666667	24457677	0.0	903.9867510795593
ptsVH(33470,2991)	0.695563	TrueGround	262	9	0.966789667896679	24456531	0.0	790.3952569961548
ptsVH(33471,3)	0.938712	TrueGround	263	9	0.9669117647058824	24445867	0.0	848.9225537776947
ptsVH(33472,2975)	0.866607	TrueGround	264	9	0.967032967032967	24445319	0.0	815.3116929531097
ptsVH(33473,2975)	0.938277	TrueGround	265	9	0.9671532846715328	24444341	0.0	757.4428989887238
ptsVH(33474,2976)	0.896156	TrueGround	266	9	0.9672727272727273	24445284	0.0	884.5660734176636
ptsVH(33475,2976)	0.938277	TrueGround	267	9	0.967391304347826	24445325	0.0	781.2631461620331
ptsVH(33476,2977)	0.896156	TrueGround	268	9	0.9675090252707581	24446118	0.0	865.334734916687
ptsVH(33477,2977)	0.938277	TrueGround	269	9	0.9676258992805755	24445943	0.0	841.5916931629181
ptsVH(33478,2978)	0.896156	TrueGround	270	9	0.967741935483871	24445542	0.0	914.4455742835999
ptsVH(33479,2978)	0.938277	TrueGround	271	9	0.9678571428571429	24445588	0.0	829.0092556476593
ptsVH(34077,3)	0.768924	TrueGround	272	9	0.9679715302491103	24445584	0.0	853.9308590888977
ptsVH(33493,2991)	0.879691	TrueGround	273	9	0.9680851063829787	24442005	0.0	847.0310287475586
ptsVH(33494,2992)	0.938712	TrueGround	274	9	0.9681978798586572	24440318	0.0	861.2539160251617
ptsVH(33500,3)	0.887508	TrueGround	275	9	0.9683098591549296	24438939	0.0	755.8646845817566
ptsVH(33503,3)	0.923771	TrueGround	276	9	0.968421052631579	24439230	0.0	905.5604972839355
ptsVH(33506,3)	0.923383	TrueGround	277	9	0.9685314685314685	24439792	0.0	866.7727673053741
ptsVH(33498,3)	0.922291	TrueGround	278	9	0.9686411149825784	24439311	0.0	801.5051600933075
ptsVH(33499,3)	0.922291	TrueGround	279	9	0.96875	24438478	0.0	837.9945321083069
ptsVH(33497,2978)	0.877084	TrueGround	280	9	0.9688581314878892	24438712	0.0	850.3085443973541
ptsVH(33509,2978)	0.922291	TrueGround	281	9	0.9689655172413794	24439337	0.0	884.22034740448
ptsVH(33501,2976)	0.877084	TrueGround	282	9	0.9690721649484536	24439091	0.0	898.2359573841095
ptsVH(33502,2976)	0.922291	TrueGround	283	9	0.9691780821917808	24439393	0.0	846.0423436164856
ptsVH(33504,2977)	0.877084	TrueGround	284	9	0.9692832764505119	24439270	0.0	755.4422588348389
ptsVH(33505,2977)	0.922291	TrueGround	285	9	0.9693877551020408	24438852	0.0	869.9797670841217
ptsVH(33507,2975)	0.877084	TrueGround	286	9	0.9694915254237289	24437674	0.0	773.6638278961182
ptsVH(33508,2975)	0.922291	TrueGround	287	9	0.9695945945945946	24439102	0.0	750.1838121414185
ptsVH(33510,2991)	0.742479	TrueGround	288	9	0.9696969696969697	24439207	0.0	886.86492228508
ptsVH(33511,2994)	0.938712	TrueGround	289	9	0.9697986577181208	24439062	0.0	920.1207149028778
ptsVH(34073,3)	0.742479	TrueGround	290	9	0.9698996655518395	24438497	0.0	798.4335308074951
ptsVH(34075,3)	0.938277	TrueGround	291	9	0.97	24440150	0.0	867.4389674663544
ptsVH(34082,3)	0.883837	TrueGround	292	9	0.9700996677740864	24439900	0.0	820.1964809894562
ptsVH(34084,3030)	0.888303	TrueGround	293	9	0.9701986754966887	24439547	0.0	796.9674129486084
ptsVH(34076,3030)	0.916611	TrueGround	294	9	0.9702970297029703	24439111	0.0	797.0240423679352
ptsVH(34078,3)	0.798725	TrueGround	295	9	0.9703947368421053	24440022	0.0	869.0447318553925
ptsVH(34080,3)	0.944398	TrueGround	296	9	0.9704918032786886	24439327	0.0	860.6246256828308
ptsVH(34081,3030)	0.884784	TrueGround	297	9	0.9705882352941176	24438878	0.0	807.7491462230682
ptsVH(34459,2992)	0.695563	TrueGround	298	9	0.9706840390879479	24439325	0.0	762.8836314678192
ptsVH(34460,3028)	0.938712	TrueGround	299	9	0.9707792207792207	24437772	0.0	868.3211507797241
ptsVH(34462,2992)	0.787953	TrueGround	300	9	0.970873786407767	24437065	0.0	786.5726227760315
ptsVH(34463,3028)	0.938712	TrueGround	301	9	0.9709677419354839	24436518	0.0	772.320543050766
ptsVH(34468,2992)	0.742479	TrueGround	302	9	0.9710610932475884	24437297	0.0	842.8926377296448
ptsVH(34083,3028)	0.900829	TrueGround	303	9	0.9711538461538461	24436930	0.0	795.9292185306549
ptsVH(34469,3028)	0.909216	TrueGround	304	9	0.9712460063897763	24436831	0.0	854.490960597992
ptsVH(33495,3028)	0.939005	TrueGround	305	9	0.9713375796178344	24437364	0.0	866.5532393455505
ptsVH(33496,3028)	0.945925	TrueGround	306	9	0.9714285714285714	24437659	0.0	889.3975825309753
ptsVH(34074,3028)	0.942151	TrueGround	307	9	0.9715189873417721	24437380	0.0	854.46866106987
ptsVH(34079,3028)	0.941329	TrueGround	308	9	0.9716088328075709	24436843	0.0	807.6476428508759
ptsVH(31158,3066)	0.695552	TrueGround	309	9	0.9716981132075472	24437451	0.0	821.9326226711273
ptsVH(31163,3066)	0.938277	TrueGround	310	9	0.9717868338557993	23245201	0.0	796.9977116584778
ptsVH(31162,3066)	0.938269	TrueGround	311	9	0.971875	23246171	0.0	917.6554319858551
ptsVH(31160,2842)	0.866607	TrueGround	312	9	0.9719626168224299	23169044	0.0	863.5894067287445
ptsVH(31161,2842)	0.938277	TrueGround	313	9	0.9720496894409938	23169210	0.0	923.708990573883
ptsVH(31145,3066)	0.787953	TrueGround	314	9	0.9721362229102167	23168904	0.0	814.3443982601166
ptsVH(31147,3066)	0.742479	TrueGround	315	9	0.9722222222222222	23168965	0.0	947.8537752628326
ptsVH(31170,3066)	0.742429	TrueGround	316	9	0.9723076923076923	23168751	0.0	814.7581255435944
ptsVH(31172,2843)	0.866536	TrueGround	317	9	0.9723926380368099	22905447	0.0	838.7160429954529
ptsVH(31173,2843)	0.938271	TrueGround	318	9	0.9724770642201835	22726216	0.0	876.538724899292
ptsVH(31167,2843)	0.926924	TrueGround	319	9	0.9725609756097561	22726658	0.0	825.5844860076904
ptsVH(32135,2826)	0.838995	FalseGround	319	10	0.9696048632218845	22704285	0.0	909.6773841381073
ptsVH(32540,2815)	0.694059	TrueGround	320	10	0.9696969696969697	22876284	0.0207323	6194.629992246628
ptsVH(32541,2849)	0.938712	TrueGround	321	10	0.9697885196374623	22898446	0.00601427	6112.029927015305
ptsVH(30841,2815)	0.787953	TrueGround	322	10	0.9698795180722891	22897561	0.013828	6161.381461143494
ptsVH(32545,2815)	0.741411	TrueGround	323	10	0.96996996996997	22898228	0.00918957	6154.370316028595
ptsVH(32546,2849)	0.938712	TrueGround	324	10	0.9700598802395209	22908808	0.00381285	6168.247245550156
ptsVH(32547,2941)	0.86605	TrueGround	325	10	0.9701492537313433	22908802	0.00826892	6197.952593803406
ptsVH(32548,2941)	0.938277	TrueGround	326	10	0.9702380952380952	22913892	0.00686132	6620.09472823143
ptsVH(31872,2941)	0.795069	TrueGround	327	10	0.9703264094955489	22914235	0.00711045	6463.183213710785
ptsVH(31878,2826)	0.900079	FalseGround	327	11	0.9674556213017751	22923122	0.00301223	6378.101030349731
ptsVH(32594,2896)	0.688828	TrueGround	328	11	0.967551622418879	22856979	0.0168787	6385.34774017334
ptsVH(32595,2947)	0.866607	TrueGround	329	11	0.9676470588235294	23287039	0.00229088	6240.959380149841
ptsVH(32596,2947)	0.938277	TrueGround	330	11	0.967741935483871	23286712	0.00398271	6236.858075618744
ptsVH(30756,2896)	0.841283	TrueGround	331	11	0.9678362573099415	23286607	0.00332704	6291.609111070633
ptsVH(30989,2891)	0.76656	FalseGround	331	12	0.9650145772594753	23318120	0.00147214	6240.158199548721
ptsVH(31030,2814)	0.685859	TrueGround	332	12	0.9651162790697675	21986082	0.0343915	6462.660992383957
ptsVH(31031,2815)	0.938712	TrueGround	333	12	0.9652173913043478	21672125	0.0255258	6384.76827788353
